cliff 960 16 30 179 179
cliff 976 0 28 179 179
cliff 976 16 12 179 179
tree 1032 24 25 0 179
cliff 1040 0 11 179 179
cliff 960 32 11 179 179
cliff 992 48 36 179 179
tree 1048 56 21 0 179
cliff 1056 32 35 179 179
cliff 1072 48 31 179 179
tree 984 88 26 0 179
cliff 976 64 34 179 179
cliff 992 80 31 179 179
cliff 1008 64 31 179 179
cliff 1024 80 33 179 179
tree 1064 72 127 0 179
cliff 1072 64 15 179 179
fre 916 108 64 179 179
tree 984 104 26 0 179
fre 980 108 64 179 179
tree 1000 104 26 0 179
fre 1012 100 164 179 179
cliff 1008 96 36 179 179
tree 1048 120 25 0 179
cliff 1024 112 28 179 179
cliff 1040 96 28 179 179
cliff 1056 112 36 179 179
fre 1116 116 164 179 179
cliff 1088 96 35 179 179
cliff 1104 112 29 179 179
cliff 1040 128 35 179 179
cliff 1056 144 52 179 179
cliff 1072 128 51 179 179
cliff 1088 144 29 179 179
cliff 1104 128 29 179 179
cliff 1120 144 35 179 179
cliff 1120 128 35 179 179
cliff 1136 144 50 179 179
cliff 1168 144 29 179 179
tree 3720 152 5 0 179
tree 3736 152 30 0 179
tree 3752 152 30 0 179
tree 3768 152 28 0 179
tree 3784 136 7 0 179
fre 956 172 64 179 179
fre 1028 172 64 179 179
fre 1076 164 59 179 179
cliff 1104 160 35 179 179
cliff 1120 176 32 179 179
cliff 1136 160 28 179 179
cliff 1136 176 13 179 179
cliff 1184 160 36 179 179
cliff 1200 176 51 179 179
cliff 1232 176 30 179 179
tree 3032 184 42 0 179
tree 3016 184 29 0 179
tree 3064 184 95 0 179
tree 3048 184 6 0 179
tree 3080 184 32 0 179
tree 3208 184 32 0 179
tree 3224 184 29 0 179
tree 3224 168 33 0 179
tree 3240 168 30 0 179
tree 3688 184 33 0 179
tree 3704 168 95 0 179
tree 3720 168 7 0 179
tree 3832 184 4 0 179
tree 3832 168 28 0 179
tree 3816 184 44 0 179
tree 3864 184 29 0 179
tree 3848 184 9 0 179
tree 3880 184 96 0 179
tree 3928 184 96 0 179
tree 3944 168 90 0 179
tree 3944 184 27 0 179
fre 1092 196 57 179 179
cliff 1120 192 11 179 179
cliff 1152 208 36 179 179
tree 1224 200 123 0 179
cliff 1248 192 34 179 179
cliff 1264 208 31 179 179
tree 2968 216 90 0 179
tree 3000 200 28 0 179
tree 2984 200 33 0 179
tree 3096 216 30 0 179
tree 3096 200 5 0 179
tree 3080 200 90 0 179
tree 3112 216 32 0 179
tree 3160 216 31 0 179
tree 3176 200 107 0 179
tree 3192 200 96 0 179
tree 3208 200 5 0 179
tree 3224 200 44 0 179
tree 3240 216 89 0 179
tree 3672 200 85 0 179
tree 3688 216 7 0 179
tree 3688 200 107 0 179
tree 3736 216 89 0 179
tree 3816 200 90 0 179
tree 3816 216 95 0 179
tree 3928 200 5 0 179
tree 3928 216 8 0 179
fre 820 236 66 179 179
fre 852 252 65 179 179
fre 1004 244 64 179 179
fre 1068 236 64 179 179
fre 1116 236 164 179 179
cliff 1120 224 12 179 179
fre 1156 252 5 179 179
cliff 1168 224 30 179 179
cliff 1168 240 13 179 179
tree 1240 248 122 0 179
cliff 1264 224 12 179 179
tree 2968 232 9 0 179
tree 2968 248 7 0 179
tree 2984 248 4 0 179
tree 3128 248 7 0 179
tree 3144 232 8 0 179
tree 3240 232 90 0 179
tree 3256 232 30 0 179
tree 3256 248 31 0 179
tree 3272 248 29 0 179
tree 3384 248 89 0 179
tree 3400 248 42 0 179
tree 3416 248 7 0 179
tree 3432 248 28 0 179
tree 3448 248 5 0 179
tree 3464 248 90 0 179
tree 3480 248 32 0 179
tree 3576 248 9 0 179
tree 3608 248 107 0 179
tree 3608 232 32 0 179
tree 3592 232 29 0 179
tree 3592 248 96 0 179
tree 3688 248 44 0 179
tree 3688 232 27 0 179
tree 3736 232 4 0 179
tree 3752 232 32 0 179
tree 3816 232 6 0 179
tree 3816 248 6 0 179
tree 3928 232 33 0 179
tree 3944 232 7 0 179
tree 3944 248 7 0 179
cliff 1120 256 13 179 179
fre 1156 276 5 179 179
cliff 1168 272 12 179 179
cliff 1264 256 13 179 179
tree 2984 264 42 0 179
tree 3000 280 107 0 179
tree 3016 280 31 0 179
tree 3128 264 96 0 179
tree 3144 280 30 0 179
tree 3272 264 33 0 179
tree 3288 264 96 0 179
tree 3304 280 33 0 179
tree 3368 280 31 0 179
tree 3368 264 7 0 179
tree 3384 280 42 0 179
tree 3480 264 95 0 179
tree 3480 280 96 0 179
tree 3496 264 85 0 179
tree 3496 280 9 0 179
tree 3576 264 90 0 179
tree 3560 280 9 0 179
tree 3592 280 4 0 179
tree 3608 264 44 0 179
tree 3704 280 28 0 179
tree 3704 264 29 0 179
tree 3816 264 7 0 179
tree 3832 264 5 0 179
tree 3832 280 7 0 179
tree 3944 264 7 0 179
tree 3944 280 8 0 179
fre 1044 308 64 179 179
fre 1108 316 56 179 179
cliff 1136 288 35 179 179
cliff 1152 304 28 179 179
cliff 1168 304 13 179 179
fre 1244 292 5 179 179
cliff 1264 288 12 179 179
tree 3016 296 96 0 179
tree 3032 312 32 0 179
tree 3048 312 89 0 179
tree 3160 312 28 0 179
tree 3144 296 42 0 179
tree 3304 296 27 0 179
tree 3320 296 90 0 179
tree 3320 312 95 0 179
tree 3368 312 30 0 179
tree 3368 296 90 0 179
tree 3416 296 95 0 179
tree 3400 296 107 0 179
tree 3448 296 29 0 179
tree 3432 296 29 0 179
tree 3480 312 44 0 179
tree 3464 312 85 0 179
tree 3480 296 85 0 179
tree 3464 296 95 0 179
tree 3512 312 7 0 179
tree 3496 312 96 0 179
tree 3544 296 90 0 179
tree 3528 296 4 0 179
tree 3528 312 6 0 179
tree 3576 312 107 0 179
tree 3576 296 9 0 179
tree 3560 296 85 0 179
tree 3592 296 107 0 179
tree 3704 312 31 0 179
tree 3704 296 96 0 179
tree 3720 312 31 0 179
tree 3832 296 30 0 179
tree 3848 296 31 0 179
tree 3848 312 7 0 179
tree 3944 296 96 0 179
tree 3960 296 28 0 179
tree 3960 312 95 0 179
cliff 1152 320 13 179 179
cliff 1184 336 35 179 179
cliff 1264 320 15 179 179
fre 1372 340 173 179 179
tree 3048 328 90 0 179
tree 3064 328 30 0 179
tree 3080 344 31 0 179
tree 3096 344 32 0 179
tree 3160 344 96 0 179
tree 3160 328 85 0 179
tree 3288 344 32 0 179
tree 3272 344 4 0 179
tree 3304 344 31 0 179
tree 3320 344 5 0 179
tree 3336 344 32 0 179
tree 3352 344 6 0 179
tree 3336 328 96 0 179
tree 3368 344 5 0 179
tree 3384 344 44 0 179
tree 3384 328 7 0 179
tree 3544 344 9 0 179
tree 3560 344 107 0 179
tree 3560 328 85 0 179
tree 3736 344 31 0 179
tree 3720 344 95 0 179
tree 3720 328 4 0 179
tree 3848 328 29 0 179
tree 3848 344 90 0 179
tree 3864 344 95 0 179
tree 3864 328 29 0 179
tree 3960 328 29 0 179
tree 3960 344 89 0 179
fre 1108 364 64 179 179
tree 1160 376 122 0 179
cliff 1168 352 36 179 179
cliff 1184 368 52 179 179
cliff 1200 352 49 179 179
cliff 1216 368 30 179 179
cliff 1232 352 28 179 179
cliff 1248 368 34 179 179
cliff 1280 352 36 179 179
cliff 1296 368 30 179 179
tree 3112 360 29 0 179
tree 3128 360 85 0 179
tree 3128 376 95 0 179
tree 3144 376 89 0 179
tree 3176 376 90 0 179
tree 3176 360 42 0 179
tree 3272 360 89 0 179
tree 3336 360 33 0 179
tree 3336 376 4 0 179
tree 3544 376 44 0 179
tree 3544 360 8 0 179
tree 3736 360 7 0 179
tree 3768 376 29 0 179
tree 3752 376 44 0 179
tree 3752 360 32 0 179
tree 3848 376 8 0 179
tree 3848 360 32 0 179
tree 3864 360 5 0 179
tree 3928 376 27 0 179
tree 3960 360 9 0 179
tree 3960 376 44 0 179
tree 3944 376 27 0 179
fre 1132 396 62 179 179
cliff 1232 384 34 179 179
cliff 1248 400 49 179 179
cliff 1264 384 49 179 179
cliff 1280 400 50 179 179
cliff 1296 384 31 179 179
cliff 1312 400 30 179 179
cliff 1312 384 34 179 179
cliff 1328 400 49 179 179
cliff 1360 400 52 179 179
cliff 1392 400 32 179 179
tree 3144 392 33 0 179
tree 3144 408 9 0 179
tree 3192 408 28 0 179
tree 3176 392 5 0 179
tree 3336 392 107 0 179
tree 3336 408 95 0 179
tree 3544 392 27 0 179
tree 3816 408 8 0 179
tree 3832 392 89 0 179
tree 3896 408 85 0 179
tree 3912 408 29 0 179
tree 3912 392 27 0 179
tree 3928 392 32 0 179
tree 3960 392 31 0 179
tree 3960 408 4 0 179
fre 1092 420 67 179 179
fre 1212 420 13 179 179
lay 1224 440 320 0 179
lay 1304 440 319 0 179
cliff 1328 416 36 179 179
cliff 1344 432 30 179 179
cliff 1360 416 31 179 179
cliff 1376 432 34 179 179
cliff 1408 416 36 179 179
cliff 1424 432 51 179 179
cliff 1456 432 28 179 179
tree 3144 424 4 0 179
tree 3144 440 95 0 179
tree 3160 440 32 0 179
tree 3192 424 5 0 179
tree 3208 440 7 0 179
tree 3208 424 31 0 179
tree 3320 440 29 0 179
tree 3336 424 89 0 179
tree 3560 440 8 0 179
tree 3576 440 9 0 179
tree 3592 440 33 0 179
tree 3816 440 4 0 179
tree 3816 424 27 0 179
tree 3896 440 27 0 179
tree 3896 424 7 0 179
tree 3960 424 6 0 179
tree 3944 440 89 0 179
lay 1240 472 321 0 179
fre 1244 476 13 179 179
cliff 1360 448 35 179 179
cliff 1376 464 30 179 179
cliff 1392 448 49 179 179
cliff 1424 448 28 179 179
cliff 1424 464 14 179 179
tree 1480 472 22 0 179
cliff 1472 448 33 179 179
cliff 1488 464 49 179 179
cliff 1520 464 32 179 179
tree 3160 456 32 0 179
tree 3176 472 29 0 179
tree 3224 456 33 0 179
tree 3256 472 9 0 179
tree 3240 472 6 0 179
tree 3240 456 9 0 179
tree 3320 456 32 0 179
tree 3304 472 7 0 179
tree 3496 472 44 0 179
tree 3512 472 42 0 179
tree 3544 456 7 0 179
tree 3576 456 44 0 179
tree 3576 472 85 0 179
tree 3592 456 30 0 179
tree 3720 456 85 0 179
tree 3736 456 32 0 179
tree 3752 472 96 0 179
tree 3768 472 27 0 179
tree 3832 472 30 0 179
tree 3832 456 9 0 179
tree 3816 456 5 0 179
tree 3896 456 42 0 179
tree 3912 472 28 0 179
tree 3912 456 31 0 179
tree 3944 456 31 0 179
tree 3944 472 27 0 179
lay 1192 488 318 0 179
fre 1396 492 26 179 179
cliff 1392 496 5 179 179
tree 1496 488 23 0 179
cliff 1520 480 15 179 179
tree 3176 488 27 0 179
tree 3192 488 95 0 179
tree 3192 504 96 0 179
tree 3208 504 90 0 179
tree 3288 488 30 0 179
tree 3272 488 27 0 179
tree 3448 504 90 0 179
tree 3480 488 4 0 179
tree 3576 488 96 0 179
tree 3576 504 28 0 179
tree 3768 488 5 0 179
tree 3784 488 4 0 179
tree 3800 504 85 0 179
tree 3864 504 31 0 179
tree 3848 504 89 0 179
tree 3848 488 42 0 179
tree 3928 488 30 0 179
tree 3928 504 90 0 179
cliff 1200 528 16 179 179
cliff 1232 528 17 179 179
cliff 1264 528 18 179 179
cliff 1296 528 17 179 179
cliff 1360 512 1 179 179
cliff 1408 528 1 179 179
cliff 1440 512 6 179 179
cliff 1520 512 11 179 179
tree 3208 520 31 0 179
tree 3224 520 95 0 179
tree 3224 536 96 0 179
tree 3240 536 8 0 179
tree 3416 536 30 0 179
tree 3432 520 89 0 179
tree 3560 520 33 0 179
tree 3560 536 89 0 179
tree 3816 520 44 0 179
tree 3832 520 44 0 179
tree 3832 536 95 0 179
tree 3864 520 32 0 179
tree 3848 536 8 0 179
tree 3896 536 5 0 179
tree 3880 536 6 0 179
tree 3880 520 4 0 179
tree 3912 536 27 0 179
tree 3960 536 33 0 179
cliff 1184 560 0 179 179
cliff 1216 544 16 179 179
cliff 1248 544 54 179 179
cliff 1280 544 54 179 179
cliff 1312 560 26 179 179
cliff 1344 544 7 179 179
cliff 1376 544 14 179 179
tree 1480 568 20 0 179
fre 1500 564 149 179 179
cliff 1520 544 14 179 179
tree 3240 552 29 0 179
tree 3240 568 85 0 179
tree 3256 568 28 0 179
tree 3384 568 33 0 179
tree 3400 552 95 0 179
tree 3416 552 96 0 179
tree 3560 552 29 0 179
tree 3560 568 30 0 179
tree 3704 552 85 0 179
tree 3704 568 5 0 179
tree 3736 568 95 0 179
tree 3720 568 31 0 179
tree 3720 552 107 0 179
tree 3848 552 44 0 179
tree 3864 552 107 0 179
tree 3864 568 31 0 179
tree 3880 568 9 0 179
cliff 1152 576 11 179 179
cliff 1168 592 14 179 179
cliff 1200 576 1 179 179
cliff 1328 576 20 179 179
cliff 1312 592 17 179 179
cliff 1344 576 18 179 179
cliff 1344 592 54 179 179
cliff 1392 592 7 179 179
tree 1432 600 126 0 179
fre 1460 596 26 179 179
fre 1468 588 5 179 179
cliff 1536 592 8 179 179
tree 3256 584 28 0 179
tree 3272 584 96 0 179
tree 3272 600 95 0 179
tree 3288 600 31 0 179
tree 3304 600 90 0 179
tree 3384 600 89 0 179
tree 3384 584 89 0 179
tree 3576 584 4 0 179
tree 3576 600 5 0 179
tree 3672 600 9 0 179
tree 3704 584 85 0 179
tree 3688 584 31 0 179
tree 3688 600 9 0 179
tree 3752 600 29 0 179
tree 3752 584 29 0 179
tree 3880 584 95 0 179
tree 3896 600 5 0 179
fre 1156 636 168 179 179
cliff 1152 608 11 179 179
cliff 1168 624 14 179 179
tree 1240 616 126 0 179
fre 1252 628 179 179 179
cliff 1296 624 1 179 179
cliff 1392 624 19 179 179
cliff 1376 608 27 179 179
tree 1432 616 126 0 179
cliff 1408 624 16 179 179
cliff 1440 624 16 179 179
cliff 1504 608 1 179 179
tree 3320 616 32 0 179
tree 3384 632 44 0 179
tree 3384 616 33 0 179
tree 3576 616 29 0 179
tree 3576 632 5 0 179
tree 3672 616 96 0 179
tree 3672 632 27 0 179
tree 3784 632 8 0 179
tree 3896 616 6 0 179
tree 3912 616 29 0 179
tree 3912 632 44 0 179
cliff 1152 640 15 179 179
cliff 1168 656 14 179 179
fre 1244 668 150 179 179
lay 1256 664 314 0 179
fre 1252 660 168 179 179
cliff 1264 640 14 179 179
cliff 1488 640 5 179 179
fre 1564 652 36 179 179
tree 3416 664 5 0 179
tree 3400 664 30 0 179
tree 3400 648 32 0 179
tree 3592 648 85 0 179
tree 3592 664 9 0 179
tree 3640 664 96 0 179
tree 3624 664 4 0 179
tree 3656 648 96 0 179
tree 3800 664 6 0 179
tree 3800 648 5 0 179
tree 3784 648 27 0 179
tree 3928 648 6 0 179
tree 3928 664 29 0 179
cliff 1152 672 12 179 179
cliff 1184 688 34 179 179
cliff 1264 672 15 179 179
fre 1340 676 143 179 179
fre 1388 684 53 179 179
tree 3416 680 27 0 179
tree 3432 696 6 0 179
tree 3576 696 32 0 179
tree 3608 680 32 0 179
tree 3592 696 95 0 179
tree 3608 696 27 0 179
tree 3816 696 27 0 179
tree 3816 680 44 0 179
tree 3944 680 95 0 179
tree 3944 696 6 0 179
fre 1132 708 14 179 179
cliff 1168 704 35 179 179
cliff 1184 720 30 179 179
cliff 1200 704 30 179 179
cliff 1216 720 36 179 179
cliff 1264 704 14 179 179
fre 1380 724 62 179 179
fre 1380 732 55 179 179
fre 1452 708 141 179 179
tree 1528 728 125 0 179
tree 3448 712 30 0 179
tree 3432 728 7 0 179
tree 3448 728 85 0 179
tree 3480 728 8 0 179
tree 3480 712 4 0 179
tree 3464 712 85 0 179
tree 3464 728 85 0 179
tree 3512 728 28 0 179
tree 3496 728 32 0 179
tree 3544 712 89 0 179
tree 3528 712 29 0 179
tree 3560 712 8 0 179
tree 3608 712 7 0 179
tree 3624 712 8 0 179
tree 3624 728 44 0 179
tree 3816 728 7 0 179
tree 3816 712 85 0 179
tree 3960 712 5 0 179
tree 3960 728 7 0 179
fre 1164 740 14 179 179
cliff 1200 736 33 179 179
cliff 1216 752 30 179 179
cliff 1232 736 31 179 179
cliff 1248 752 33 179 179
fre 1300 756 146 179 179
cliff 1280 736 34 179 179
cliff 1296 752 51 179 179
cliff 1328 752 29 179 179
fre 1412 756 62 179 179
tree 3416 744 44 0 179
tree 3448 760 27 0 179
tree 3432 744 44 0 179
tree 3464 760 5 0 179
tree 3464 744 32 0 179
tree 3480 744 89 0 179
tree 3496 744 27 0 179
tree 3496 760 30 0 179
tree 3512 760 29 0 179
tree 3528 760 44 0 179
tree 3544 760 95 0 179
tree 3624 760 96 0 179
tree 3688 760 31 0 179
tree 3704 760 30 0 179
tree 3704 744 89 0 179
tree 3720 744 107 0 179
tree 3736 744 7 0 179
tree 3752 744 8 0 179
tree 3768 744 28 0 179
tree 3784 744 32 0 179
tree 3800 744 7 0 179
tree 3800 760 31 0 179
tree 3832 760 29 0 179
tree 3832 744 32 0 179
tree 3816 760 5 0 179
tree 3864 760 8 0 179
tree 3848 760 30 0 179
tree 3896 744 5 0 179
tree 3880 744 42 0 179
tree 3880 760 7 0 179
tree 3928 744 89 0 179
tree 3912 744 96 0 179
tree 3960 744 107 0 179
tree 3944 744 107 0 179
tree 3976 744 9 0 179
fre 1156 788 62 179 179
fre 1180 772 23 179 179
cliff 1216 768 12 179 179
cliff 1264 768 30 179 179
cliff 1264 784 11 179 179
fre 1324 788 145 179 179
cliff 1328 768 14 179 179
fre 1452 772 74 179 179
tree 3480 776 90 0 179
tree 3512 792 29 0 179
tree 3496 776 85 0 179
tree 3560 776 5 0 179
tree 3576 776 31 0 179
tree 3576 792 85 0 179
tree 3592 792 44 0 179
tree 3624 776 5 0 179
tree 3624 792 90 0 179
tree 3688 792 4 0 179
tree 3688 776 31 0 179
tree 3832 776 29 0 179
tree 3848 776 6 0 179
tree 3848 792 5 0 179
tree 3864 792 4 0 179
cliff 1216 800 15 179 179
tree 1256 808 123 0 179
cliff 1264 816 15 179 179
fre 1340 812 141 179 179
cliff 1344 800 33 179 179
cliff 1360 816 29 179 179
tree 1432 808 23 0 179
tree 3544 824 9 0 179
tree 3528 808 8 0 179
tree 3592 808 31 0 179
tree 3608 808 31 0 179
tree 3608 824 33 0 179
tree 3624 808 96 0 179
tree 3624 824 96 0 179
tree 3704 824 90 0 179
tree 3704 808 28 0 179
tree 3720 824 8 0 179
tree 3864 808 85 0 179
tree 3880 808 31 0 179
tree 3880 824 95 0 179
fre 1156 844 73 179 179
cliff 1232 832 36 179 179
cliff 1248 848 31 179 179
cliff 1280 848 36 179 179
fre 1340 836 57 179 179
tree 1368 840 25 0 179
cliff 1376 832 34 179 179
cliff 1392 848 29 179 179
cliff 1424 848 45 179 179
cliff 1440 848 49 179 179
cliff 1472 848 51 179 179
cliff 1504 848 51 179 179
cliff 1536 848 52 179 179
tree 1576 856 20 0 179
fre 1580 844 5 179 179
cliff 1568 848 49 179 179
cliff 1584 832 45 179 179
cliff 1600 848 30 179 179
cliff 1600 832 50 179 179
fre 1644 836 149 179 179
fre 1660 844 5 179 179
cliff 1632 832 49 179 179
cliff 1664 832 30 179 179
cliff 1680 848 36 179 179
tree 3576 856 6 0 179
tree 3560 840 96 0 179
tree 3624 840 7 0 179
tree 3624 856 89 0 179
tree 3640 840 89 0 179
tree 3640 856 9 0 179
tree 3736 856 4 0 179
tree 3736 840 90 0 179
tree 3720 840 89 0 179
tree 3752 856 4 0 179
tree 3896 840 90 0 179
tree 3896 856 90 0 179
cliff 1264 864 34 179 179
cliff 1280 880 50 179 179
cliff 1296 864 49 179 179
cliff 1312 880 28 179 179
cliff 1328 864 29 179 179
cliff 1344 880 33 179 179
cliff 1408 864 45 179 179
cliff 1424 864 50 179 179
cliff 1408 880 39 179 179
cliff 1424 880 50 179 179
cliff 1456 864 29 179 179
cliff 1456 880 49 179 179
cliff 1472 880 35 179 179
cliff 1488 880 49 179 179
fre 1524 876 5 179 179
cliff 1520 880 50 179 179
fre 1556 876 5 179 179
cliff 1568 864 39 179 179
cliff 1616 864 36 179 179
cliff 1632 880 32 179 179
fre 1684 884 59 179 179
fre 1700 876 5 179 179
cliff 1696 864 49 179 179
cliff 1728 864 31 179 179
cliff 1728 880 11 179 179
tree 3608 888 29 0 179
tree 3592 872 28 0 179
tree 3624 872 89 0 179
tree 3624 888 90 0 179
tree 3640 872 29 0 179
tree 3656 872 5 0 179
tree 3656 888 30 0 179
tree 3768 872 42 0 179
tree 3784 888 7 0 179
tree 3912 872 28 0 179
tree 3912 888 30 0 179
cliff 1328 896 35 179 179
fre 1372 916 5 179 179
cliff 1344 912 49 179 179
cliff 1360 896 52 179 179
fre 1404 908 5 179 179
cliff 1392 896 41 179 179
fre 1476 924 5 179 179
cliff 1488 896 51 179 179
cliff 1520 896 49 179 179
cliff 1552 896 50 179 179
fre 1588 900 149 179 179
fre 1572 924 6 179 179
cliff 1584 896 50 179 179
cliff 1616 896 30 179 179
cliff 1616 912 11 179 179
cliff 1648 896 35 179 179
tree 1672 920 122 0 179
cliff 1664 912 31 179 179
lay 1720 904 309 0 179
lay 1704 904 310 0 179
cliff 1744 912 33 179 179
tree 3656 904 85 0 179
tree 3672 904 42 0 179
tree 3672 920 96 0 179
tree 3688 920 28 0 179
tree 3704 920 32 0 179
tree 3720 920 28 0 179
tree 3736 920 28 0 179
tree 3800 920 27 0 179
tree 3800 904 89 0 179
tree 3784 904 42 0 179
tree 3816 920 9 0 179
tree 3912 904 7 0 179
tree 3912 920 90 0 179
fre 1420 948 5 179 179
fre 1468 940 5 179 179
fre 1492 956 4 179 179
fre 1540 948 6 179 179
fre 1580 948 5 179 179
cliff 1632 944 36 179 179
tree 1688 952 25 0 179
cliff 1680 928 36 179 179
cliff 1696 944 28 179 179
fre 1748 940 149 179 179
fre 1772 956 148 179 179
fre 1764 956 5 179 179
cliff 1760 928 31 179 179
cliff 1776 944 33 179 179
tree 3752 936 32 0 179
tree 3768 936 28 0 179
tree 3784 936 107 0 179
tree 3800 936 30 0 179
tree 3816 936 30 0 179
tree 3912 936 7 0 179
tree 3912 952 28 0 179
fre 1308 964 72 179 179
fre 1428 980 5 179 179
fre 1444 972 5 179 179
fre 1460 964 5 179 179
fre 1556 972 5 179 179
fre 1596 972 5 179 179
cliff 1648 960 31 179 179
cliff 1648 976 12 179 179
cliff 1696 960 14 179 179
cliff 1792 960 32 179 179
cliff 1792 976 14 179 179
cliff 3344 960 100 179 179
cliff 3360 976 108 179 179
tree 3912 968 28 0 179
tree 3912 984 27 0 179
cliff 1392 1008 16 179 179
cliff 1424 1008 17 179 179
cliff 1456 1008 54 179 179
cliff 1488 1008 54 179 179
cliff 1472 992 17 179 179
fre 1532 996 5 179 179
cliff 1504 1008 25 179 179
fre 1596 1004 59 179 179
fre 1588 996 5 179 179
fre 1604 996 6 179 179
cliff 1648 1008 12 179 179
cliff 1696 992 11 179 179
cliff 1792 1008 11 179 179
trop 2500 996 242 179 179
cliff 3376 992 101 179 179
cliff 3392 1008 108 179 179
tree 3912 1000 32 0 179
tree 3912 1016 5 0 179
cliff 1376 1040 0 179 179
cliff 1456 1024 1 179 179
cliff 1520 1024 26 179 179
cliff 1552 1040 54 179 179
cliff 1536 1040 23 179 179
cliff 1536 1024 17 179 179
cliff 1584 1040 54 179 179
cliff 1568 1040 25 179 179
cliff 1616 1040 54 179 179
tree 1688 1032 26 0 179
cliff 1696 1024 14 179 179
fre 1764 1052 59 179 179
cliff 1792 1040 13 179 179
trop 2516 1044 252 179 179
cliff 3408 1024 104 179 179
cliff 3424 1040 105 179 179
cliff 1344 1056 15 179 179
cliff 1408 1072 0 179 179
cliff 1440 1056 5 179 179
fre 1484 1068 26 179 179
fre 1476 1076 5 179 179
cliff 1504 1072 16 179 179
fre 1548 1060 5 179 179
cliff 1536 1072 18 179 179
cliff 1584 1056 22 179 179
cliff 1568 1072 18 179 179
cliff 1600 1056 18 179 179
cliff 1600 1072 54 179 179
cliff 1632 1056 16 179 179
cliff 1664 1056 7 179 179
cliff 1712 1072 10 179 179
tree 1768 1080 22 0 179
fre 1764 1084 5 179 179
cliff 1792 1072 13 179 179
trop 2516 1076 244 179 179
cliff 3440 1056 104 179 179
cliff 3440 1072 86 179 179
tree 3752 1064 30 0 179
tree 3768 1064 85 0 179
tree 3784 1064 90 0 179
tree 3800 1064 44 0 179
tree 3816 1064 89 0 179
tree 3832 1064 9 0 179
tree 3848 1064 27 0 179
tree 3864 1080 42 0 179
tree 3880 1080 85 0 179
cliff 1344 1088 11 179 179
cliff 1376 1088 12 179 179
fre 1444 1116 5 179 179
cliff 1488 1104 3 179 179
cliff 1648 1104 23 179 179
cliff 1632 1088 24 179 179
fre 1668 1092 5 179 179
cliff 1664 1104 16 179 179
fre 1716 1092 5 179 179
cliff 1696 1104 54 179 179
cliff 1728 1104 17 179 179
cliff 1760 1104 54 179 179
lay 1880 1096 307 0 179
lay 1864 1096 305 0 179
trop 2532 1108 253 179 179
cliff 3456 1104 105 179 179
tree 3880 1096 4 0 179
tree 3896 1096 28 0 179
tree 3912 1112 7 0 179
fre 1324 1124 1 179 179
cliff 1344 1120 12 179 179
cliff 1376 1120 15 179 179
fre 1452 1140 5 179 179
cliff 1456 1120 14 179 179
lay 1592 1128 307 0 179
lay 1592 1144 302 0 179
lay 1624 1144 309 0 179
lay 1608 1144 304 0 179
cliff 1808 1120 6 179 179
trop 2532 1140 253 179 179
cliff 3472 1120 103 179 179
cliff 3472 1136 83 179 179
tree 3912 1128 30 0 179
tree 3928 1128 89 0 179
tree 3928 1144 5 0 179
cliff 1344 1152 13 179 179
cliff 1376 1152 11 179 179
fre 1444 1172 5 179 179
cliff 1456 1152 15 179 179
lay 1864 1160 309 0 179
trop 2532 1172 253 179 179
cliff 3488 1168 108 179 179
tree 3928 1160 107 0 179
tree 3928 1176 42 0 179
cliff 1360 1184 36 179 179
fre 1380 1188 5 179 179
cliff 1376 1200 29 179 179
cliff 1392 1184 35 179 179
cliff 1408 1200 29 179 179
cliff 1472 1184 36 179 179
cliff 1488 1200 32 179 179
tree 1560 1192 124 0 179
trop 2516 1204 246 179 179
cliff 3504 1184 100 179 179
cliff 3520 1200 107 179 179
tree 3848 1208 33 0 179
tree 3848 1192 30 0 179
tree 3864 1192 90 0 179
tree 3928 1192 32 0 179
fre 1356 1244 1 179 179
fre 1404 1244 5 179 179
cliff 1376 1216 14 179 179
cliff 1408 1216 15 179 179
tree 1496 1240 23 0 179
cliff 1488 1216 11 179 179
trop 2516 1236 254 179 179
cliff 3536 1216 104 179 179
cliff 3536 1232 84 179 179
tree 3832 1224 31 0 179
tree 3864 1224 89 0 179
tree 3880 1224 95 0 179
tree 3896 1224 44 0 179
tree 3896 1240 44 0 179
tree 3912 1240 42 0 179
cliff 1072 1264 54 179 179
cliff 1104 1264 16 179 179
cliff 1392 1248 36 179 179
cliff 1408 1264 29 179 179
cliff 1424 1248 33 179 179
cliff 1440 1264 29 179 179
cliff 1504 1248 36 179 179
cliff 1520 1264 31 179 179
trop 2500 1268 253 179 179
cliff 3536 1264 86 179 179
tree 3912 1256 5 0 179
tree 3928 1256 9 0 179
tree 3928 1272 6 0 179
cliff 1072 1280 22 179 179
cliff 1056 1280 22 179 179
cliff 1088 1280 54 179 179
cliff 1104 1296 26 179 179
cliff 1136 1280 26 179 179
cliff 1120 1280 54 179 179
cliff 1152 1296 21 179 179
fre 1428 1284 5 179 179
cliff 1408 1280 13 179 179
cliff 1440 1280 11 179 179
tree 1528 1304 24 0 179
cliff 1536 1280 34 179 179
cliff 1552 1296 30 179 179
cliff 3536 1296 86 179 179
tree 3928 1288 8 0 179
tree 3944 1288 4 0 179
tree 3944 1304 85 0 179
cliff 1136 1312 17 179 179
cliff 1120 1312 19 179 179
cliff 1168 1312 24 179 179
cliff 1168 1328 24 179 179
cliff 1200 1328 54 179 179
cliff 1184 1328 21 179 179
cliff 1232 1328 18 179 179
cliff 1264 1328 17 179 179
cliff 1424 1328 7 179 179
cliff 1440 1312 13 179 179
fre 1540 1340 166 179 179
cliff 1552 1312 11 179 179
cliff 3536 1328 87 179 179
tree 3960 1320 5 0 179
tree 3960 1336 27 0 179
cliff 1200 1344 23 179 179
cliff 1184 1344 21 179 179
cliff 1216 1360 25 179 179
cliff 1232 1360 25 179 179
fre 1260 1356 5 179 179
fre 1276 1372 3 179 179
cliff 1296 1344 25 179 179
cliff 1328 1360 17 179 179
cliff 1312 1360 20 179 179
cliff 1392 1344 1 179 179
fre 1412 1356 57 179 179
fre 1420 1356 5 179 179
cliff 1440 1344 14 179 179
tree 1528 1352 123 0 179
fre 1532 1372 58 179 179
cliff 1552 1344 15 179 179
tree 3896 1352 90 0 179
tree 3896 1368 90 0 179
tree 3880 1368 44 0 179
tree 3912 1352 33 0 179
tree 3960 1352 32 0 179
tree 3976 1352 27 0 179
tree 3976 1368 28 0 179
cliff 1232 1376 20 179 179
cliff 1248 1376 17 179 179
cliff 1264 1392 24 179 179
cliff 1280 1376 18 179 179
cliff 1312 1376 18 179 179
cliff 1344 1376 17 179 179
cliff 1376 1376 7 179 179
cliff 1408 1376 54 179 179
cliff 1456 1392 7 179 179
fre 1516 1396 5 179 179
cliff 1552 1376 15 179 179
zabor 2736 1392 24 0 8
zabor 2768 1392 31 0 8
zabor 2800 1392 28 0 8
zabor 2832 1392 28 0 8
zabor 2864 1392 30 0 8
zabor 2896 1392 27 0 8
zabor 2928 1392 25 0 8
zabor 2960 1392 30 0 8
zabor 2992 1392 31 0 8
zabor 3024 1392 25 0 8
zabor 3056 1392 25 0 8
zabor 3088 1392 28 0 8
zabor 3120 1392 26 0 8
cliff 3520 1392 72 179 179
cliff 3552 1376 77 179 179
tree 3832 1400 28 0 179
tree 3864 1384 89 0 179
tree 3848 1384 95 0 179
tree 3928 1400 6 0 179
tree 3912 1400 5 0 179
tree 3912 1384 44 0 179
tree 3944 1400 8 0 179
lay 1304 1432 306 0 179
cliff 1296 1408 18 179 179
cliff 1280 1408 21 179 179
lay 1320 1432 308 0 179
cliff 1328 1424 27 179 179
fre 1396 1428 3 179 179
fre 1484 1436 3 179 179
cliff 1552 1408 14 179 179
zabor 2736 1424 26 0 8
zabor 3120 1424 30 0 8
cliff 3488 1408 83 179 179
lay 1320 1464 304 0 179
lay 1336 1464 302 0 179
lay 1320 1448 309 0 179
cliff 1360 1440 16 179 179
cliff 1344 1440 22 179 179
cliff 1392 1440 18 179 179
cliff 1424 1440 16 179 179
cliff 1456 1440 16 179 179
cliff 1488 1440 54 179 179
cliff 1520 1440 16 179 179
cliff 1568 1456 8 179 179
zabor 2736 1456 31 0 8
dom 2880 1440 5 0 179
zabor 3120 1456 30 0 8
cliff 3488 1440 86 179 179
lay 1336 1480 306 0 179
lay 1576 1496 308 0 179
zabor 2736 1488 24 0 8
trop 2908 1500 120 179 179
zabor 3120 1488 25 0 8
cliff 3456 1472 126 179 179
cliff 3504 1488 82 179 179
tree 3784 1496 32 0 179
tree 3864 1480 18 0 179
tree 3960 1480 32 0 179
lay 1496 1512 1 0 179
lay 1592 1512 310 0 179
lay 1608 1512 313 0 179
zabor 2736 1520 25 0 8
zabor 3120 1520 30 0 8
cliff 3392 1520 21 179 179
cliff 3440 1504 72 179 179
tree 3736 1528 49 0 179
dom 3936 1504 309 0 179
zabor 2736 1552 27 0 8
dom 2784 1536 293 0 179
trop 2908 1564 126 179 179
dom 2976 1536 7 0 179
zabor 3120 1552 30 0 8
cliff 3424 1536 78 179 179
tree 3896 1544 50 0 179
zabor 2736 1584 24 0 8
trop 2884 1572 119 179 179
trop 2948 1572 119 179 179
zabor 3120 1584 31 0 8
tree 3688 1576 27 0 179
trop 3900 1596 127 179 179
trop 3908 1596 119 179 179
trop 4004 1596 119 179 179
trop 4020 1588 119 179 179
trop 4044 1588 118 179 179
trop 2884 1620 120 179 179
zabor 3120 1616 29 0 8
tree 3656 1608 89 0 179
trop 3780 1620 114 179 179
trop 3788 1612 127 179 179
trop 3868 1604 119 179 179
trop 3860 1604 119 179 179
trop 3892 1604 119 179 179
trop 3924 1620 109 179 179
trop 3940 1604 119 179 179
trop 3988 1604 119 179 179
trop 3972 1604 119 179 179
trop 4012 1612 119 179 179
trop 4012 1604 119 179 179
dom 2784 1632 312 0 179
trop 2868 1660 119 179 179
trop 2988 1636 146 179 179
zabor 3120 1648 25 0 8
dom 3168 1632 3 0 179
tree 3624 1656 29 0 179
trop 3732 1660 120 179 179
dom 3904 1632 310 0 179
zabor 2512 1680 25 0 8
zabor 2544 1680 28 0 8
zabor 2576 1680 28 0 8
zabor 2608 1680 31 0 8
zabor 2640 1680 24 0 8
zabor 2672 1680 29 0 8
zabor 2704 1680 31 0 8
zabor 2736 1680 29 0 8
trop 2852 1676 119 179 179
trop 2884 1676 126 179 179
trop 2908 1684 127 179 179
dom 2976 1664 43 0 179
zabor 3120 1680 27 0 8
trop 3132 1676 126 179 179
trop 3124 1684 136 179 179
trop 3148 1684 126 179 179
tree 3608 1672 107 0 179
trop 3724 1676 119 179 179
trop 3716 1676 120 179 179
tree 3784 1672 43 0 179
tree 3816 1688 57 0 179
tree 3848 1672 57 0 179
zabor 2512 1712 31 0 8
stand 2744 1704 420 0 179
zabor 3120 1712 28 0 8
trop 3148 1724 126 179 179
tree 3528 1720 96 0 179
tree 3608 1704 107 0 179
tree 3592 1704 42 0 179
trop 3692 1708 120 179 179
tree 3960 1704 112 0 179
zabor 2512 1744 30 0 8
trop 2588 1748 147 179 179
trop 2604 1748 145 179 179
trop 2700 1748 145 179 179
stand 2744 1736 420 0 179
trop 2812 1748 145 179 179
stand 2824 1752 465 0 179
trop 2884 1732 126 179 179
zabor 3120 1744 27 0 8
trop 3148 1756 120 179 179
trop 3156 1748 120 179 179
trop 3156 1732 243 179 179
trop 3156 1748 137 179 179
cliff 3232 1728 103 179 179
cliff 3232 1744 83 179 179
trop 3676 1756 120 179 179
trop 3684 1732 120 179 179
trop 3732 1748 111 179 179
tree 3880 1736 51 0 179
tree 3928 1752 100 0 179
zabor 2512 1776 28 0 8
fre 3060 1780 108 179 179
zabor 3120 1776 30 0 8
trop 3132 1788 120 179 179
trop 3148 1772 120 179 179
trop 3140 1764 120 179 179
trop 3140 1788 120 179 179
trop 3148 1780 120 179 179
vor 3196 1780 93 179 179
cliff 3232 1776 84 179 179
tree 3496 1784 85 0 179
tree 3528 1768 30 0 179
tree 3560 1768 9 0 179
tree 3592 1784 44 0 179
trop 3676 1788 119 179 179
tree 3736 1784 9 0 179
tree 3848 1784 32 0 179
tree 3976 1784 28 0 179
zabor 2512 1808 29 0 8
trop 2908 1804 126 179 179
trop 2940 1796 119 179 179
dom 2976 1792 7 1 179
zabor 3120 1808 30 0 8
trop 3132 1804 126 179 179
trop 3132 1812 120 179 179
trop 3140 1796 246 179 179
vor 3196 1820 93 179 179
vor 3188 1804 93 179 179
vor 3196 1796 93 179 179
vor 3204 1812 94 179 179
cliff 3232 1808 84 179 179
tree 3560 1800 29 0 179
trop 3660 1796 120 179 179
tree 3800 1800 107 0 179
tree 3912 1800 89 0 179
tree 3944 1800 29 0 179
zabor 2512 1840 30 0 8
dom 2624 1824 56 0 179
dom 2784 1824 42 0 179
trop 2908 1836 120 179 179
zabor 3120 1840 24 0 8
fre 3132 1836 111 179 179
trop 3140 1828 254 179 179
dom 3168 1824 26 1 179
vor 3188 1844 94 179 179
vor 3196 1828 93 179 179
vor 3196 1852 93 179 179
vor 3204 1836 92 179 179
vor 3204 1828 93 179 179
vor 3204 1852 93 179 179
cliff 3232 1840 86 179 179
tree 3464 1832 90 0 179
tree 3512 1832 27 0 179
trop 3628 1852 120 179 179
trop 3636 1852 120 179 179
trop 3660 1844 117 179 179
trop 3652 1828 120 179 179
trop 3652 1836 120 179 179
trop 3652 1852 120 179 179
trop 3652 1836 119 179 179
zabor 2512 1872 31 0 8
trop 2572 1868 151 179 179
trop 2708 1860 149 179 179
stand 2792 1880 382 0 179
trop 2836 1868 145 179 179
trop 2860 1868 119 179 179
trop 2892 1868 119 179 179
trop 2908 1868 120 179 179
zabor 3120 1872 26 0 8
trop 3140 1860 252 179 179
vor 3148 1860 94 179 179
vor 3196 1860 93 179 179
cliff 3232 1872 87 179 179
cliff 3408 1872 44 179 179
fre 3484 1868 3 179 179
fre 3572 1868 5 179 179
trop 3612 1876 120 179 179
trop 3620 1876 120 179 179
zabor 2512 1904 27 0 8
trop 2620 1892 120 179 179
trop 2908 1900 120 179 179
trop 2972 1892 161 179 179
vor 2956 1916 92 179 179
stand 3000 1896 581 0 179
trop 3100 1900 162 179 179
zabor 3120 1904 28 0 8
trop 3156 1900 120 179 179
trop 3140 1892 244 179 179
trop 3172 1908 120 179 179
fre 3196 1900 5 179 179
cliff 3392 1888 45 179 179
vor 3476 1916 8 179 179
vor 3532 1916 98 179 179
trop 3612 1908 120 179 179
trop 3596 1916 119 179 179
vor 3668 1908 64 179 179
zabor 2512 1936 30 0 8
zabor 2544 1936 28 0 8
zabor 2576 1936 25 0 8
trop 2620 1924 120 179 179
zabor 2640 1936 26 0 8
zabor 2672 1936 31 0 8
zabor 2704 1936 29 0 8
trop 2692 1948 127 179 179
zabor 2736 1936 37 0 9
zabor 2832 1936 30 0 8
zabor 2864 1936 27 0 8
zabor 2896 1936 24 0 8
zabor 2960 1936 30 0 8
zabor 2992 1936 33 0 9
zabor 3024 1936 37 0 9
zabor 3056 1936 35 0 9
zabor 3088 1936 27 0 8
zabor 3120 1936 25 0 8
trop 3156 1924 120 179 179
zabor 3152 1936 37 0 9
trop 3172 1924 252 179 179
zabor 3184 1936 38 0 9
cliff 3376 1920 42 179 179
fre 3380 1924 4 179 179
stand 3368 1928 409 0 179
trop 3540 1948 119 179 179
trop 3564 1948 118 179 179
trop 3572 1940 119 179 179
trop 3580 1924 119 179 179
trop 3564 1932 119 179 179
trop 3588 1924 120 179 179
tree 3640 1944 107 0 179
vor 3684 1940 0 179 179
trop 2508 1956 127 179 179
trop 2548 1956 127 179 179
trop 2596 1956 127 179 179
trop 2652 1964 127 179 179
trop 2628 1956 127 179 179
trop 2740 1964 127 179 179
trop 2788 1964 127 179 179
trop 2828 1956 119 179 179
trop 2868 1964 127 179 179
trop 2932 1964 119 179 179
trop 2956 1956 119 179 179
trop 3044 1964 127 179 179
vor 3044 1980 116 179 179
trop 3092 1980 119 179 179
trop 3092 1956 119 179 179
trop 3124 1972 127 179 179
trop 3180 1956 119 179 179
trop 3420 1972 12 179 179
vor 3428 1972 108 179 179
trop 3468 1956 127 179 179
trop 3548 1956 119 179 179
trop 3524 1964 119 179 179
zabor 2832 2000 24 0 8
zabor 2864 2000 30 0 8
zabor 2896 2000 25 0 8
zabor 2928 2000 39 0 9
vor 3012 2004 32 179 179
fre 3092 2004 112 179 179
zabor 3088 2000 38 0 9
fre 3076 2012 4 179 179
stand 3128 2008 206 0 179
zabor 3120 2000 33 0 9
trop 3108 1996 119 179 179
stand 3144 2008 196 0 179
zabor 3152 2000 24 0 8
zabor 3184 2000 24 0 8
trop 3172 1988 119 179 179
trop 3188 1996 119 179 179
zabor 3216 2000 35 0 9
most 3264 1984 49 0 179
fre 3372 2012 5 179 179
vor 3460 2004 94 179 179
vor 3548 2004 65 179 179
tree 3640 1992 6 0 179
zabor 2832 2032 27 0 8
stand 2920 2040 10 0 179
stand 2952 2024 114 0 179
stand 2984 2040 585 0 179
stand 3048 2024 195 0 179
fre 3076 2044 107 179 179
stand 3160 2040 197 0 179
fre 3180 2036 6 179 179
tree 3368 2040 124 0 179
fre 3452 2028 3 179 179
vor 3540 2028 9 179 179
vor 3588 2028 92 179 179
tree 3624 2024 27 0 179
tree 3640 2040 28 0 179
dom 2720 2048 313 0 179
zabor 2832 2064 26 0 8
stand 2952 2056 79 0 179
trop 3020 2052 126 179 179
stand 3048 2056 193 0 179
stand 3080 2072 200 0 179
stand 3096 2072 200 0 179
stand 3112 2072 200 0 179
stand 3128 2072 200 0 179
stand 3144 2056 194 0 179
cliff 3232 2064 83 179 179
fre 3388 2076 6 179 179
dom 2592 2080 44 0 179
fre 2996 2100 95 179 179
fre 3020 2100 92 179 179
vor 3156 2084 73 179 179
vor 3188 2084 90 179 179
vor 3172 2100 74 179 179
cliff 3232 2096 84 179 179
tree 3368 2088 44 0 179
tree 3640 2104 27 0 179
zabor 2832 2128 29 0 8
dom 2880 2112 45 0 179
trop 2972 2140 126 179 179
trop 3044 2140 126 179 179
cliff 3232 2128 85 179 179
cliff 3360 2112 62 179 179
zabor 2832 2160 26 0 8
stand 3128 2168 355 0 179
fre 3148 2148 2 179 179
cliff 3232 2160 86 179 179
tree 3544 2168 90 0 179
tree 3640 2152 29 0 179
zabor 2832 2192 30 0 8
stand 2920 2184 81 0 179
vor 2988 2204 65 179 179
stand 3064 2184 89 0 179
stand 3128 2184 576 0 179
cliff 3232 2192 87 179 179
tree 3656 2200 85 0 179
tree 3688 2184 90 0 179
zabor 2832 2224 25 0 8
cliff 3200 2224 18 179 179
tree 3432 2232 26 0 179
tree 3432 2216 107 0 179
tree 3496 2216 5 0 179
trop 3716 2228 146 179 179
zabor 2832 2256 30 0 8
dom 2912 2240 9 0 179
fre 3052 2268 3 179 179
cliff 3248 2240 82 179 179
tree 3640 2248 33 0 179
tree 3704 2248 8 0 179
tree 3720 2248 4 0 179
tree 3720 2264 89 0 179
tree 3736 2264 28 0 179
zabor 2832 2288 29 0 8
cliff 3200 2272 58 179 179
tree 3448 2296 123 0 179
tree 3528 2280 27 0 179
tree 3576 2280 42 0 179
tree 3672 2296 27 0 179
tree 3656 2296 42 0 179
tree 3688 2296 42 0 179
tree 3736 2280 7 0 179
tree 3736 2296 6 0 179
tree 3752 2296 89 0 179
zabor 2832 2320 31 0 8
zabor 2864 2320 28 0 8
zabor 2896 2320 28 0 8
zabor 2928 2320 31 0 8
zabor 2960 2320 27 0 8
zabor 2992 2320 31 0 8
zabor 3024 2320 25 0 8
zabor 3056 2320 30 0 8
zabor 3088 2320 39 0 9
zabor 3120 2320 35 0 9
tree 3640 2312 95 0 179
tree 3640 2328 7 0 179
tree 3624 2328 7 0 179
tree 3656 2312 7 0 179
tree 3704 2328 31 0 179
tree 3688 2328 107 0 179
tree 3688 2312 28 0 179
tree 3704 2312 44 0 179
tree 3736 2312 32 0 179
tree 3720 2312 32 0 179
tree 3448 2344 25 0 179
tree 3496 2360 122 0 179
tree 3624 2344 5 0 179
tree 3704 2344 89 0 179
tree 3720 2360 42 0 179
trop 3132 2372 123 179 179
tree 3448 2392 25 0 179
tree 3592 2392 32 0 179
tree 3608 2392 29 0 179
tree 3736 2392 5 0 179
tree 3720 2376 32 0 179
tree 3752 2392 89 0 179
fre 3092 2412 69 179 179
stand 3112 2424 372 0 179
tree 3432 2408 127 0 179
tree 3464 2424 22 0 179
tree 3480 2408 124 0 179
tree 3608 2424 85 0 179
tree 3592 2424 90 0 179
tree 3592 2408 30 0 179
tree 3768 2424 8 0 179
tree 3768 2408 29 0 179
tree 3752 2408 107 0 179
tree 3784 2424 85 0 179
tree 3848 2408 95 0 179
tree 3848 2424 6 0 179
fre 3108 2460 100 179 179
fre 3196 2436 164 179 179
tree 3464 2456 26 0 179
tree 3496 2456 23 0 179
tree 3528 2440 22 0 179
tree 3608 2440 89 0 179
tree 3640 2456 90 0 179
tree 3624 2456 90 0 179
tree 3624 2440 4 0 179
tree 3800 2440 27 0 179
tree 3832 2440 96 0 179
tree 3816 2440 85 0 179
tree 3848 2456 6 0 179
tree 3864 2456 90 0 179
tree 3848 2440 7 0 179
fre 3164 2492 56 179 179
tree 3480 2472 123 0 179
tree 3512 2488 127 0 179
tree 3512 2472 26 0 179
tree 3640 2472 8 0 179
tree 3672 2488 8 0 179
tree 3656 2488 32 0 179
tree 3688 2488 107 0 179
tree 3752 2488 33 0 179
tree 3864 2472 95 0 179
tree 3880 2472 33 0 179
tree 3880 2488 33 0 179
fre 3228 2500 169 179 179
tree 3512 2504 22 0 179
tree 3576 2504 125 0 179
tree 3704 2504 90 0 179
tree 3688 2504 42 0 179
tree 3736 2520 96 0 179
tree 3736 2504 107 0 179
tree 3720 2504 107 0 179
tree 3752 2504 8 0 179
tree 3768 2504 96 0 179
tree 3800 2504 9 0 179
tree 3784 2504 44 0 179
tree 3832 2520 85 0 179
tree 3816 2520 28 0 179
tree 3816 2504 107 0 179
tree 3848 2520 42 0 179
tree 3880 2504 7 0 179
tree 3880 2520 30 0 179
tree 3928 2520 107 0 179
fre 3244 2556 169 179 179
tree 3512 2536 24 0 179
tree 3592 2552 26 0 179
tree 3592 2536 25 0 179
tree 3640 2552 22 0 179
tree 3688 2552 31 0 179
tree 3688 2536 8 0 179
tree 3752 2552 27 0 179
tree 3752 2536 85 0 179
tree 3864 2552 44 0 179
tree 3864 2536 44 0 179
tree 3848 2536 42 0 179
tree 3880 2536 89 0 179
tree 3880 2552 33 0 179
tree 3928 2536 4 0 179
tree 3944 2552 107 0 179
tree 3944 2536 27 0 179
tree 3576 2584 127 0 179
tree 3576 2568 24 0 179
tree 3672 2584 26 0 179
tree 3704 2568 42 0 179
tree 3720 2584 32 0 179
tree 3768 2584 29 0 179
tree 3768 2568 27 0 179
tree 3784 2584 89 0 179
tree 3864 2568 33 0 179
tree 3880 2568 89 0 179
tree 3944 2584 32 0 179
tree 3944 2568 5 0 179
tree 3560 2616 20 0 179
tree 3576 2600 126 0 179
tree 3624 2616 124 0 179
tree 3672 2600 21 0 179
tree 3672 2616 127 0 179
tree 3688 2616 125 0 179
tree 3704 2600 126 0 179
tree 3688 2600 26 0 179
tree 3736 2616 107 0 179
tree 3736 2600 44 0 179
tree 3720 2600 32 0 179
tree 3752 2616 28 0 179
tree 3800 2616 28 0 179
tree 3800 2600 5 0 179
tree 3784 2600 95 0 179
tree 3816 2616 5 0 179
tree 3960 2616 44 0 179
tree 3960 2600 7 0 179
tree 3944 2600 9 0 179
cliff 3328 2624 60 179 179
tree 3560 2648 127 0 179
tree 3576 2648 31 0 179
tree 3624 2648 125 0 179
tree 3768 2648 29 0 179
tree 3752 2632 33 0 179
tree 3784 2648 96 0 179
tree 3832 2632 29 0 179
tree 3816 2632 85 0 179
tree 3848 2632 27 0 179
tree 3960 2648 9 0 179
tree 3960 2632 7 0 179
tree 3576 2680 25 0 179
tree 3608 2680 22 0 179
tree 3656 2664 20 0 179
tree 3720 2680 125 0 179
tree 3720 2664 20 0 179
tree 3800 2680 107 0 179
tree 3800 2664 85 0 179
tree 3784 2664 95 0 179
tree 3816 2680 7 0 179
tree 3960 2680 42 0 179
tree 3960 2664 4 0 179
tree 3608 2696 123 0 179
tree 3704 2696 122 0 179
tree 3720 2712 22 0 179
tree 3768 2712 124 0 179
tree 3832 2712 28 0 179
tree 3832 2696 107 0 179
tree 3816 2696 89 0 179
tree 3848 2712 32 0 179
tree 3960 2712 6 0 179
tree 3960 2696 96 0 179
tree 3944 2712 85 0 179
tree 3640 2744 122 0 179
tree 3720 2744 24 0 179
tree 3864 2744 95 0 179
tree 3864 2728 85 0 179
tree 3848 2728 30 0 179
tree 3880 2744 30 0 179
tree 3960 2744 9 0 179
tree 3960 2728 90 0 179
tree 3976 2744 7 0 179
tree 3624 2760 126 0 179
tree 3736 2760 22 0 179
tree 3752 2776 23 0 179
tree 3800 2760 122 0 179
tree 3896 2776 29 0 179
tree 3880 2760 4 0 179
tree 3976 2776 90 0 179
tree 3976 2760 85 0 179
tree 3736 2792 24 0 179
tree 3784 2808 125 0 179
tree 3896 2792 44 0 179
tree 3912 2808 32 0 179
tree 3912 2792 44 0 179
tree 3976 2808 4 0 179
tree 3976 2792 8 0 179
tree 3688 2840 25 0 179
tree 3720 2824 22 0 179
tree 3800 2840 122 0 179
tree 3816 2840 26 0 179
tree 3928 2840 89 0 179
tree 3928 2824 31 0 179
tree 3912 2824 27 0 179
tree 3976 2840 90 0 179
tree 3976 2824 42 0 179
tree 3688 2856 22 0 179
tree 3784 2872 21 0 179
tree 3928 2856 95 0 179
tree 3944 2872 33 0 179
tree 3944 2856 42 0 179
tree 3976 2872 9 0 179
tree 3976 2856 107 0 179
tree 3768 2888 20 0 179
tree 3752 2888 126 0 179
tree 3784 2888 26 0 179
tree 3816 2888 23 0 179
tree 3960 2904 95 0 179
tree 3960 2888 9 0 179
tree 3768 2936 126 0 179
tree 3784 2920 25 0 179
tree 3960 2920 27 0 179
tree 3976 2936 90 0 179
tree 3976 2920 31 0 179
tree 3752 2952 122 0 179
tree 3832 2968 124 0 179
tree 3848 2968 125 0 179
tree 3976 2968 33 0 179
tree 3976 2952 30 0 179
tree 3848 2984 23 0 179
tree 3944 2984 90 0 179
tree 3976 2984 30 0 179
tree 3832 3032 24 0 179
tree 3832 3016 124 0 179
tree 3848 3016 127 0 179
tree 3896 3032 21 0 179
tree 3928 3016 125 0 179
tree 3800 3048 21 0 179
tree 3912 3064 24 0 179
tree 3912 3096 21 0 179
tree 3960 3096 24 0 179
tree 3880 3128 124 0 179
tree 3944 3128 22 0 179
tree 3864 3144 26 0 179
tree 3928 3144 20 0 179
tree 3944 3144 25 0 179
