zabor 2352 112 104 2 8
zabor 2640 112 105 2 8
zabor 2352 144 105 2 8
zabor 2640 144 105 2 8
zabor 2352 176 104 2 8
zabor 2640 176 104 2 8
zabor 2672 176 104 2 8
zabor 2352 208 104 2 8
zabor 2672 208 104 2 8
zabor 2352 240 105 2 8
zabor 2672 240 104 2 8
zabor 2352 272 105 2 8
zabor 2672 272 104 2 8
zabor 2704 272 104 2 8
zabor 2352 304 104 2 8
zabor 2704 304 105 2 8
zabor 2032 336 28 0 8
zabor 2064 336 24 0 8
zabor 2192 336 27 0 8
zabor 2224 336 24 0 8
zabor 2352 336 105 2 8
zabor 2704 336 105 2 8
zabor 2032 368 30 0 8
zabor 2224 368 27 0 8
zabor 2352 368 104 2 8
zabor 2384 368 104 2 8
zabor 2416 368 105 2 8
zabor 2448 368 105 2 8
zabor 2576 368 105 2 8
zabor 2608 368 105 2 8
zabor 2640 368 104 2 8
zabor 2672 368 104 2 8
zabor 2704 368 105 2 8
zabor 2032 400 25 0 8
zabor 2224 400 25 0 8
zabor 2448 400 104 2 8
zabor 2480 400 104 2 8
zabor 2512 400 104 2 8
zabor 2544 400 104 2 8
zabor 2576 400 104 2 8
zabor 2032 432 27 0 8
zabor 2224 432 29 0 8
zabor 2032 464 25 0 8
zabor 2224 464 29 0 8
zabor 2032 496 24 0 8
zabor 2224 496 24 0 8
zabor 2032 528 31 0 8
zabor 2064 528 28 0 8
zabor 2096 528 28 0 8
zabor 2160 528 30 0 8
zabor 2192 528 25 0 8
zabor 2224 528 25 0 8
zabor 2032 560 31 0 8
zabor 2224 560 26 0 8
zabor 2032 592 31 0 8
zabor 2096 592 29 0 8
zabor 2128 592 25 0 8
zabor 2160 592 26 0 8
zabor 2192 592 28 0 8
zabor 2224 592 26 0 8
zabor 2032 624 29 0 8
zabor 2224 624 27 0 8
zabor 2032 656 28 0 8
zabor 2064 656 29 0 8
zabor 2096 656 24 0 8
zabor 2128 656 27 0 8
zabor 2160 656 31 0 8
zabor 2224 656 30 0 8
zabor 2032 688 30 0 8
zabor 2224 688 28 0 8
zabor 2032 720 27 0 8
zabor 2096 720 26 0 8
zabor 2128 720 29 0 8
zabor 2160 720 26 0 8
zabor 2192 720 30 0 8
zabor 2224 720 25 0 8
zabor 2032 752 27 0 8
zabor 2224 752 28 0 8
zabor 2032 784 30 0 8
zabor 2064 784 31 0 8
zabor 2096 784 29 0 8
zabor 2128 784 30 0 8
zabor 2224 784 29 0 8
zabor 2032 816 27 0 8
zabor 2224 816 24 0 8
zabor 2032 848 27 0 8
zabor 2224 848 27 0 8
zabor 2032 880 28 0 8
zabor 2224 880 24 0 8
zabor 2032 912 29 0 8
zabor 2224 912 24 0 8
zabor 2032 944 29 0 8
zabor 2224 944 30 0 8
zabor 2032 976 25 0 8
zabor 2064 976 27 0 8
zabor 2096 976 26 0 8
zabor 2128 976 30 0 8
zabor 2160 976 31 0 8
zabor 2192 976 29 0 8
zabor 2224 976 28 0 8
tree 344 1992 34 0 179
zabor 1488 2000 24 0 8
zabor 1552 2000 30 0 8
zabor 1616 2000 30 0 8
zabor 1680 2000 30 0 8
zabor 1744 2000 26 0 8
zabor 1808 2000 24 0 8
zabor 1872 2000 24 0 8
zabor 1936 2000 26 0 8
zabor 2000 2000 24 0 8
zabor 2064 2000 31 0 8
zabor 2192 2000 31 0 8
zabor 2256 2000 30 0 8
zabor 2320 2000 28 0 8
zabor 2384 2000 31 0 8
zabor 2448 2000 26 0 8
zabor 2512 2000 25 0 8
zabor 2576 2000 29 0 8
zabor 2640 2000 28 0 8
zabor 2704 2000 24 0 8
zabor 2768 2000 25 0 8
zabor 1488 2032 26 0 8
zabor 1520 2032 31 0 8
zabor 1552 2032 31 0 8
zabor 1584 2032 29 0 8
zabor 1616 2032 29 0 8
zabor 1648 2032 27 0 8
zabor 1680 2032 30 0 8
zabor 1712 2032 27 0 8
zabor 1744 2032 29 0 8
zabor 1776 2032 27 0 8
zabor 1808 2032 30 0 8
zabor 1840 2032 31 0 8
zabor 1872 2032 26 0 8
zabor 1904 2032 29 0 8
zabor 1936 2032 31 0 8
zabor 1968 2032 31 0 8
zabor 2000 2032 29 0 8
zabor 2032 2032 28 0 8
zabor 2064 2032 26 0 8
zabor 2096 2032 24 0 8
zabor 2128 2032 30 0 8
zabor 2160 2032 25 0 8
zabor 2192 2032 28 0 8
zabor 2224 2032 24 0 8
zabor 2256 2032 27 0 8
zabor 2288 2032 25 0 8
zabor 2320 2032 30 0 8
zabor 2352 2032 24 0 8
zabor 2384 2032 28 0 8
zabor 2416 2032 30 0 8
zabor 2448 2032 25 0 8
zabor 2480 2032 26 0 8
zabor 2512 2032 30 0 8
zabor 2544 2032 29 0 8
zabor 2576 2032 30 0 8
zabor 2608 2032 29 0 8
zabor 2640 2032 26 0 8
zabor 2672 2032 28 0 8
zabor 2704 2032 30 0 8
zabor 2736 2032 30 0 8
zabor 2768 2032 25 0 8
zabor 1488 2576 30 0 8
zabor 1552 2576 29 0 8
zabor 1616 2576 27 0 8
zabor 1680 2576 25 0 8
zabor 1744 2576 25 0 8
zabor 1808 2576 25 0 8
zabor 1872 2576 25 0 8
zabor 1936 2576 27 0 8
zabor 2000 2576 25 0 8
zabor 2064 2576 26 0 8
zabor 2192 2576 24 0 8
zabor 2256 2576 28 0 8
zabor 2320 2576 28 0 8
zabor 2384 2576 27 0 8
zabor 2448 2576 25 0 8
zabor 2512 2576 24 0 8
zabor 2576 2576 25 0 8
zabor 2640 2576 28 0 8
zabor 2704 2576 26 0 8
zabor 2768 2576 24 0 8
zabor 1488 2608 25 0 8
zabor 1520 2608 27 0 8
zabor 1552 2608 25 0 8
zabor 1584 2608 30 0 8
zabor 1616 2608 30 0 8
zabor 1648 2608 31 0 8
zabor 1680 2608 27 0 8
zabor 1712 2608 24 0 8
zabor 1744 2608 30 0 8
zabor 1776 2608 31 0 8
zabor 1808 2608 26 0 8
zabor 1840 2608 31 0 8
zabor 1872 2608 30 0 8
zabor 1904 2608 30 0 8
zabor 1936 2608 28 0 8
zabor 1968 2608 29 0 8
zabor 2000 2608 27 0 8
zabor 2032 2608 27 0 8
zabor 2064 2608 30 0 8
zabor 2096 2608 26 0 8
zabor 2128 2608 26 0 8
zabor 2160 2608 29 0 8
zabor 2192 2608 25 0 8
zabor 2224 2608 30 0 8
zabor 2256 2608 27 0 8
zabor 2288 2608 31 0 8
zabor 2320 2608 26 0 8
zabor 2352 2608 26 0 8
zabor 2384 2608 25 0 8
zabor 2416 2608 26 0 8
zabor 2448 2608 29 0 8
zabor 2480 2608 26 0 8
zabor 2512 2608 25 0 8
zabor 2544 2608 30 0 8
zabor 2576 2608 24 0 8
zabor 2608 2608 24 0 8
zabor 2640 2608 30 0 8
zabor 2672 2608 28 0 8
zabor 2704 2608 24 0 8
zabor 2736 2608 29 0 8
zabor 2768 2608 31 0 8
