cliff 2960 16 11 179 179
cliff 2960 48 12 179 179
trop 3316 36 126 179 179
cliff 2960 80 13 179 179
trop 3188 92 153 179 179
trop 3316 76 126 179 179
trop 3348 84 126 179 179
tree 504 120 15 0 179
tree 488 120 11 0 179
tree 568 104 8 0 179
tree 2168 120 4 0 179
tree 2328 120 9 0 179
tree 2648 120 4 0 179
tree 2728 104 6 0 179
cliff 2960 112 13 179 179
trop 3204 124 126 179 179
tree 472 136 4 0 179
tree 2328 152 4 0 179
tree 2728 152 9 0 179
cliff 2960 144 14 179 179
tree 280 184 11 0 179
tree 264 184 8 0 179
tree 296 184 17 0 179
tree 296 168 35 0 179
tree 344 168 4 0 179
tree 776 168 8 0 179
tree 1208 168 6 0 179
tree 1304 184 9 0 179
tree 1912 184 4 0 179
tree 2040 184 6 0 179
tree 2280 184 6 0 179
cliff 2960 176 14 179 179
tree 3832 184 6 0 179
tree 344 200 15 0 179
tree 328 200 13 0 179
tree 360 200 10 0 179
tree 504 200 9 0 179
tree 952 200 6 0 179
tree 1576 200 4 0 179
tree 1576 216 4 0 179
tree 1672 216 4 0 179
tree 1880 216 6 0 179
tree 2552 200 5 0 179
tree 2856 216 4 0 179
cliff 2960 208 12 179 179
trop 3196 212 126 179 179
tree 3736 200 4 0 179
cliff 640 240 3 179 179
cliff 656 224 27 179 179
cliff 672 240 19 179 179
cliff 688 240 17 179 179
cliff 720 240 16 179 179
tree 888 232 9 0 179
tree 1608 232 5 0 179
tree 2648 232 9 0 179
tree 2792 232 6 0 179
cliff 2960 240 11 179 179
trop 3348 228 126 179 179
tree 3928 248 4 0 179
tree 296 280 4 0 179
tree 360 264 8 0 179
cliff 576 272 22 179 179
cliff 576 256 18 179 179
cliff 624 272 5 179 179
cliff 752 256 24 179 179
cliff 768 272 21 179 179
cliff 784 272 54 179 179
cliff 816 272 18 179 179
cliff 2960 272 11 179 179
trop 3188 276 126 179 179
tree 3800 280 8 0 179
tree 3912 264 4 0 179
tree 168 296 5 0 179
tree 376 296 15 0 179
tree 376 312 15 0 179
cliff 848 288 24 179 179
cliff 864 304 20 179 179
cliff 1216 288 16 179 179
cliff 1248 288 18 179 179
cliff 1280 288 16 179 179
cliff 1312 288 17 179 179
cliff 1328 304 17 179 179
cliff 1312 304 19 179 179
cliff 1360 304 18 179 179
cliff 1392 304 18 179 179
cliff 1424 304 54 179 179
cliff 1456 304 54 179 179
cliff 1488 304 54 179 179
cliff 2112 288 18 179 179
cliff 2144 304 24 179 179
cliff 2960 304 14 179 179
tree 200 344 10 0 179
cliff 880 320 24 179 179
cliff 896 336 20 179 179
cliff 912 336 18 179 179
cliff 944 336 17 179 179
cliff 976 336 54 179 179
cliff 1008 336 54 179 179
cliff 1040 336 18 179 179
cliff 1072 336 17 179 179
cliff 1104 336 18 179 179
cliff 1136 336 16 179 179
cliff 1200 320 0 179 179
cliff 1520 320 27 179 179
cliff 1536 336 20 179 179
cliff 1552 336 54 179 179
cliff 2096 320 3 179 179
cliff 2160 320 21 179 179
cliff 2176 320 18 179 179
cliff 2208 336 24 179 179
cliff 2272 336 18 179 179
cliff 2304 336 24 179 179
tree 2392 328 4 0 179
trop 3348 340 126 179 179
tree 3880 344 6 0 179
tree 168 360 6 0 179
cliff 384 368 30 179 179
cliff 1184 352 5 179 179
cliff 1584 352 27 179 179
cliff 1600 368 22 179 179
cliff 1616 368 54 179 179
cliff 1648 368 17 179 179
cliff 1680 368 54 179 179
cliff 1712 368 16 179 179
cliff 1984 368 27 179 179
cliff 2048 368 4 179 179
cliff 2080 352 5 179 179
cliff 2224 352 22 179 179
cliff 2240 352 54 179 179
cliff 2256 352 17 179 179
cliff 2320 352 23 179 179
cliff 2336 352 17 179 179
cliff 2368 368 26 179 179
cliff 2944 368 3 179 179
cliff 2976 352 7 179 179
cliff 3616 368 53 179 179
tree 168 408 4 0 179
cliff 384 384 31 179 179
cliff 384 400 12 179 179
cliff 1744 384 27 179 179
cliff 1760 400 23 179 179
cliff 1776 400 54 179 179
cliff 1808 400 54 179 179
cliff 1840 400 16 179 179
cliff 1872 400 54 179 179
cliff 1904 400 54 179 179
cliff 1968 384 2 179 179
cliff 2000 384 22 179 179
cliff 2032 400 10 179 179
cliff 2384 384 19 179 179
cliff 2400 384 16 179 179
cliff 2432 384 17 179 179
cliff 2464 384 16 179 179
cliff 2496 384 54 179 179
cliff 2528 384 54 179 179
cliff 2560 400 25 179 179
cliff 2912 384 14 179 179
trop 3340 388 126 179 179
trop 3372 412 126 179 179
cliff 3616 400 46 179 179
cliff 384 432 15 179 179
cliff 1952 416 5 179 179
cliff 2576 416 19 179 179
cliff 2592 416 17 179 179
cliff 2624 416 16 179 179
cliff 2656 416 18 179 179
cliff 2688 416 54 179 179
cliff 2720 416 18 179 179
cliff 2752 416 17 179 179
cliff 2784 416 16 179 179
cliff 2816 416 16 179 179
cliff 2848 416 54 179 179
cliff 2880 416 17 179 179
cliff 2928 432 5 179 179
trop 3180 428 107 179 179
trop 3188 420 126 179 179
trop 3364 420 101 179 179
cliff 3616 432 22 179 179
tree 184 472 5 0 179
tree 216 472 16 0 179
cliff 384 464 14 179 179
tree 3016 456 5 0 179
trop 3180 460 107 179 179
cliff 3632 448 26 179 179
cliff 3648 464 46 179 179
cliff 384 496 14 179 179
trop 3244 500 99 179 179
cliff 3648 496 53 179 179
tree 184 520 6 0 179
cliff 384 528 13 179 179
tree 1720 520 35 0 179
tree 1704 536 15 0 179
tree 1752 520 4 0 179
tree 1832 536 5 0 179
trop 3180 540 126 179 179
trop 3204 532 126 179 179
trop 3388 532 126 179 179
trop 3364 516 126 179 179
cliff 3648 528 53 179 179
tree 3880 536 4 0 179
cliff 384 560 15 179 179
trop 3172 564 126 179 179
trop 3364 564 126 179 179
trop 3508 572 102 179 179
cliff 3648 560 46 179 179
cliff 384 592 15 179 179
trop 3180 588 96 179 179
trop 3372 596 126 179 179
cliff 3648 592 46 179 179
tree 3736 584 6 0 179
tree 3912 600 6 0 179
cliff 400 624 35 179 179
trop 3388 636 94 179 179
cliff 3648 624 46 179 179
tree 3912 616 6 0 179
cliff 416 640 31 179 179
cliff 416 656 11 179 179
trop 3172 652 126 179 179
trop 3196 660 126 179 179
cliff 3648 656 48 179 179
cliff 416 688 15 179 179
tree 1784 696 5 0 179
tree 1832 696 0 0 179
tree 2248 696 7 0 179
trop 3180 676 126 179 179
trop 3372 684 126 179 179
trop 3508 700 103 179 179
cliff 3648 688 53 179 179
cliff 416 720 13 179 179
tree 1800 728 7 0 179
tree 1848 712 0 0 179
tree 1832 712 10 0 179
tree 1864 728 12 0 179
trop 3292 708 106 179 179
trop 3284 724 106 179 179
trop 3380 708 126 179 179
cliff 3648 720 19 179 179
tree 232 760 11 0 179
cliff 432 752 33 179 179
tree 2984 760 5 0 179
trop 3180 740 75 179 179
trop 3188 740 126 179 179
trop 3268 748 106 179 179
trop 3348 740 126 179 179
lay 3544 760 67 0 179
cliff 3664 736 26 179 179
cliff 3680 752 23 179 179
tree 232 792 15 0 179
cliff 448 768 28 179 179
cliff 448 784 13 179 179
tree 1352 792 10 0 179
tree 1368 792 7 0 179
tree 2920 776 7 0 179
lay 3144 792 67 0 179
lay 3224 792 67 0 179
lay 3272 792 67 0 179
trop 3348 772 71 179 179
vor 3452 772 74 179 179
cliff 3696 768 26 179 179
cliff 3712 784 23 179 179
tree 232 824 12 0 179
tree 232 808 35 0 179
tree 280 808 4 0 179
cliff 448 816 14 179 179
tree 1336 808 11 0 179
tree 1320 824 13 0 179
tree 1400 808 7 0 179
tree 1384 808 7 0 179
lay 3176 808 67 0 179
lay 3352 808 67 0 179
trop 3380 812 126 179 179
trop 3372 804 126 179 179
lay 3400 824 67 0 179
trop 3396 820 126 179 179
stand 3448 824 36 0 179
cliff 3504 816 59 179 179
vor 3556 804 56 179 179
cliff 3728 800 26 179 179
cliff 3744 816 21 179 179
cliff 3760 816 17 179 179
tree 136 840 8 0 179
cliff 448 848 15 179 179
trop 3356 844 81 179 179
cliff 3488 848 7 179 179
cliff 3792 832 26 179 179
cliff 3808 848 19 179 179
cliff 3824 848 18 179 179
cliff 448 880 15 179 179
trop 3156 868 107 179 179
trop 3348 876 107 179 179
cliff 3856 864 26 179 179
cliff 3872 880 23 179 179
cliff 3888 880 17 179 179
cliff 3920 880 17 179 179
cliff 3952 880 17 179 179
tree 152 920 11 0 179
cliff 3920 896 26 179 179
tree 152 936 11 0 179
cliff 432 944 1 179 179
cliff 464 928 5 179 179
most 3200 928 3 0 179
most 3392 928 3 0 179
cliff 400 960 12 179 179
tree 136 1016 9 0 179
cliff 416 1008 7 179 179
cliff 352 1040 11 179 179
cliff 384 1024 4 179 179
cliff 336 1104 3 179 179
cliff 368 1088 10 179 179
cliff 304 1120 12 179 179
tree 2488 1128 35 0 179
tree 2488 1144 24 0 179
tree 2520 1128 4 0 179
tree 2536 1144 17 0 179
tree 2760 1144 29 0 179
cliff 320 1168 7 179 179
tree 2776 1160 8 0 179
most 3168 1152 2 0 179
most 3360 1152 2 0 179
cliff 288 1184 1 179 179
tree 2024 1208 24 0 179
tree 2280 1208 25 0 179
tree 2296 1208 18 0 179
tree 2312 1208 14 0 179
trop 2516 1212 119 179 179
trop 2540 1204 119 179 179
dom 2688 1184 147 0 179
trop 2772 1196 120 179 179
tree 2936 1192 7 0 179
trop 3156 1188 107 179 179
trop 3172 1212 126 179 179
trop 3356 1196 81 179 179
cliff 240 1232 0 179 179
cliff 272 1216 5 179 179
tree 1944 1240 25 0 179
tree 2024 1224 27 0 179
tree 2024 1240 37 0 179
stand 2088 1224 177 0 179
tree 2232 1240 17 0 179
tree 2216 1240 33 0 179
tree 2312 1224 8 0 179
tree 2328 1224 20 0 179
trop 2780 1244 120 179 179
tree 2872 1224 5 0 179
lay 3080 1224 20 0 179
lay 3144 1240 67 0 179
lay 3192 1240 67 0 179
lay 3352 1240 67 0 179
cliff 3456 1232 31 179 179
cliff 208 1248 11 179 179
tree 1848 1272 11 0 179
tree 1880 1272 38 0 179
tree 1864 1256 7 0 179
tree 1944 1256 9 0 179
tree 2056 1272 14 0 179
tree 2216 1256 9 0 179
tree 2328 1256 12 0 179
dom 2432 1248 227 0 179
trop 2524 1252 106 179 179
trop 2572 1252 106 179 179
trop 2684 1276 101 179 179
tree 2952 1272 33 0 179
lay 3144 1256 67 0 179
lay 3224 1256 67 0 179
trop 3220 1260 98 179 179
lay 3288 1256 67 0 179
lay 3368 1256 67 0 179
trop 3364 1260 126 179 179
lay 3416 1256 67 0 179
cliff 208 1280 11 179 179
tree 1752 1288 23 0 179
tree 1768 1288 5 0 179
tree 1832 1288 13 0 179
tree 1880 1288 41 0 179
tree 2248 1304 14 0 179
lay 3176 1304 67 0 179
lay 3336 1304 67 0 179
lay 3528 1288 2 0 179
cliff 224 1328 5 179 179
tree 1672 1320 24 0 179
tree 1864 1320 30 0 179
trop 2516 1324 119 179 179
trop 2516 1332 119 179 179
trop 2540 1316 119 179 179
cliff 208 1360 29 179 179
cliff 208 1344 31 179 179
tree 1656 1368 36 0 179
tree 1752 1352 26 0 179
trop 2548 1364 119 179 179
trop 2668 1356 120 179 179
trop 3340 1372 103 179 179
cliff 224 1376 12 179 179
tree 1672 1384 35 0 179
tree 1720 1384 21 0 179
tree 1720 1400 10 0 179
tree 1704 1400 28 0 179
tree 1736 1384 11 0 179
dom 2880 1376 152 0 179
trop 3156 1388 103 179 179
tree 3512 1384 31 0 179
cliff 224 1408 13 179 179
tree 680 1432 0 0 179
tree 2248 1432 28 0 179
dom 2400 1408 177 0 179
dom 2560 1408 156 0 179
vor 3012 1436 8 179 179
cliff 224 1440 12 179 179
tree 1736 1448 8 0 179
tree 1736 1464 9 0 179
tree 2232 1448 12 0 179
lay 2824 1448 3 0 179
vor 2996 1468 17 179 179
tree 3672 1448 26 0 179
fre 236 1500 16 179 179
cliff 224 1472 11 179 179
lay 440 1496 67 0 179
zabor 1392 1488 30 0 8
zabor 1424 1488 25 0 8
zabor 1456 1488 24 0 8
zabor 1488 1488 24 0 8
zabor 1520 1488 25 0 8
zabor 1552 1488 24 0 8
zabor 1584 1488 29 0 8
tree 1816 1480 39 0 179
tree 1848 1496 13 0 179
tree 1848 1480 38 0 179
tree 1944 1496 7 0 179
tree 2184 1480 4 0 179
tree 2232 1496 8 0 179
tree 2232 1480 25 0 179
cliff 224 1504 12 179 179
trop 516 1524 125 179 179
zabor 1104 1520 25 0 8
zabor 1136 1520 31 0 8
zabor 1168 1520 27 0 8
zabor 1200 1520 26 0 8
zabor 1232 1520 28 0 8
zabor 1264 1520 25 0 8
zabor 1296 1520 31 0 8
zabor 1392 1520 28 0 8
zabor 1584 1520 26 0 8
tree 1848 1512 0 0 179
tree 1944 1512 25 0 179
tree 1960 1512 28 0 179
tree 1960 1528 7 0 179
tree 1976 1528 28 0 179
tree 1992 1528 41 0 179
vor 2508 1508 56 179 179
trop 3204 1532 104 179 179
tree 3576 1528 40 0 179
tree 3592 1512 5 0 179
cliff 224 1536 11 179 179
lay 424 1544 67 0 179
trop 516 1540 125 179 179
zabor 1104 1552 31 0 8
zabor 1296 1552 29 0 8
zabor 1392 1552 25 0 8
zabor 1584 1552 31 0 8
tree 1896 1544 36 0 179
tree 1976 1544 16 0 179
tree 2040 1544 7 0 179
trop 2460 1540 97 179 179
trop 2652 1564 109 179 179
trop 2716 1540 97 179 179
trop 2812 1556 152 179 179
trop 2828 1540 106 179 179
trop 2868 1540 105 179 179
trop 3012 1540 104 179 179
trop 3020 1540 97 179 179
tree 3816 1560 17 0 179
cliff 224 1568 12 179 179
trop 492 1580 125 179 179
lay 584 1592 67 0 179
zabor 1104 1584 30 0 8
zabor 1296 1584 28 0 8
zabor 1392 1584 27 0 8
zabor 1584 1584 25 0 8
cliff 224 1600 15 179 179
fre 1020 1620 16 179 179
zabor 1104 1616 30 0 8
zabor 1296 1616 25 0 8
zabor 1392 1616 29 0 8
zabor 1584 1616 25 0 8
tree 3560 1624 25 0 179
tree 3656 1624 41 0 179
tree 3688 1624 7 0 179
tree 3816 1608 22 0 179
tree 3848 1624 23 0 179
tree 3912 1608 20 0 179
cliff 224 1632 11 179 179
lay 568 1640 67 0 179
lay 696 1656 67 0 179
zabor 1104 1648 24 0 8
zabor 1296 1648 31 0 8
zabor 1392 1648 24 0 8
zabor 1584 1648 24 0 8
tree 2584 1656 11 0 179
tree 2824 1640 18 0 179
tree 3080 1656 26 0 179
tree 3208 1656 38 0 179
tree 3656 1640 4 0 179
tree 3704 1656 29 0 179
tree 3800 1640 33 0 179
cliff 224 1664 14 179 179
zabor 1104 1680 26 0 8
zabor 1296 1680 28 0 8
zabor 1392 1680 25 0 8
zabor 1584 1680 25 0 8
tree 1784 1688 30 0 179
tree 2360 1672 32 0 179
tree 2360 1688 39 0 179
tree 2424 1688 26 0 179
tree 2424 1672 24 0 179
tree 2408 1688 41 0 179
tree 2552 1672 4 0 179
tree 2536 1688 21 0 179
tree 2712 1688 39 0 179
tree 2744 1672 27 0 179
tree 2776 1672 4 0 179
tree 2920 1688 4 0 179
tree 3000 1688 34 0 179
tree 3032 1688 0 0 179
tree 3064 1672 7 0 179
tree 3144 1672 7 0 179
tree 3208 1672 18 0 179
tree 3224 1672 10 0 179
tree 3736 1688 32 0 179
cliff 240 1712 7 179 179
lay 680 1720 67 0 179
trop 780 1716 124 179 179
zabor 1104 1712 24 0 8
zabor 1296 1712 25 0 8
zabor 1392 1712 25 0 8
zabor 1584 1712 31 0 8
tree 1768 1704 7 0 179
tree 1784 1704 32 0 179
tree 1912 1704 35 0 179
tree 2392 1704 35 0 179
tree 2424 1704 34 0 179
tree 2440 1704 26 0 179
tree 2456 1704 7 0 179
tree 2472 1704 37 0 179
tree 2488 1704 28 0 179
tree 2504 1704 0 0 179
tree 2536 1704 4 0 179
tree 2728 1720 40 0 179
tree 3096 1704 26 0 179
tree 3080 1704 6 0 179
tree 3320 1704 26 0 179
tree 3752 1720 0 0 179
tree 3768 1720 29 0 179
tree 3768 1704 19 0 179
tree 3752 1704 13 0 179
tree 3928 1704 30 0 179
cliff 176 1744 13 179 179
cliff 208 1728 3 179 179
trop 756 1732 125 179 179
lay 856 1736 67 0 179
zabor 1104 1744 29 0 8
zabor 1296 1744 26 0 8
zabor 1392 1744 29 0 8
zabor 1424 1744 25 0 8
zabor 1456 1744 27 0 8
zabor 1520 1744 30 0 8
zabor 1552 1744 30 0 8
zabor 1584 1744 29 0 8
tree 3288 1752 32 0 179
tree 3304 1736 33 0 179
tree 296 1768 7 0 179
tree 568 1784 7 0 179
lay 824 1784 67 0 179
zabor 1104 1776 24 0 8
zabor 1136 1776 24 0 8
zabor 1168 1776 30 0 8
zabor 1232 1776 26 0 8
zabor 1264 1776 27 0 8
zabor 1296 1776 30 0 8
tree 3192 1784 25 0 179
tree 3288 1768 30 0 179
tree 3288 1784 10 0 179
cliff 160 1808 4 179 179
cliff 192 1792 6 179 179
zabor 2352 1808 27 0 8
zabor 2384 1808 31 0 8
zabor 2416 1808 31 0 8
zabor 2448 1808 29 0 8
zabor 2480 1808 27 0 8
zabor 2512 1808 26 0 8
zabor 2544 1808 29 0 8
zabor 2576 1808 24 0 8
zabor 2608 1808 27 0 8
zabor 2640 1808 28 0 8
zabor 2672 1808 27 0 8
zabor 2704 1808 25 0 8
zabor 2736 1808 30 0 8
zabor 2768 1808 27 0 8
dom 2944 1792 125 0 179
tree 3304 1800 20 0 179
tree 3304 1816 29 0 179
tree 3880 1816 35 0 179
tree 3896 1816 15 0 179
cliff 144 1840 5 179 179
tree 296 1832 11 0 179
tree 600 1832 7 0 179
zabor 2768 1840 26 0 8
tree 3368 1832 40 0 179
tree 3368 1848 5 0 179
tree 3896 1832 13 0 179
cliff 16 1872 17 179 179
cliff 48 1872 16 179 179
cliff 112 1856 0 179 179
tree 1688 1864 0 0 179
tree 1704 1864 41 0 179
tree 1768 1864 9 0 179
tree 1784 1864 14 0 179
dom 2304 1856 227 0 179
zabor 2768 1872 25 0 8
cliff 96 1888 8 179 179
tree 1608 1912 29 0 179
zabor 2768 1904 24 0 8
tree 3640 1896 37 0 179
tree 3640 1912 14 0 179
tree 1592 1944 24 0 179
tree 1608 1928 39 0 179
zabor 2352 1936 27 0 8
zabor 2384 1936 24 0 8
zabor 2416 1936 25 0 8
zabor 2448 1936 26 0 8
zabor 2480 1936 25 0 8
zabor 2512 1936 29 0 8
zabor 2544 1936 29 0 8
zabor 2576 1936 30 0 8
zabor 2640 1936 27 0 8
zabor 2672 1936 24 0 8
zabor 2704 1936 31 0 8
zabor 2736 1936 29 0 8
zabor 2768 1936 26 0 8
tree 3464 1944 21 0 179
tree 3688 1944 27 0 179
tree 824 1976 9 0 179
tree 3352 1976 29 0 179
tree 3720 1976 21 0 179
tree 824 1992 4 0 179
tree 856 2008 24 0 179
tree 1624 2008 28 0 179
tree 1608 2008 28 0 179
tree 2984 1992 15 0 179
tree 3416 1992 16 0 179
tree 3368 2040 27 0 179
tree 3832 2040 4 0 179
tree 3848 2040 30 0 179
tree 3912 2040 33 0 179
tree 3816 2056 33 0 179
tree 3816 2072 21 0 179
tree 3928 2072 17 0 179
tree 3928 2056 23 0 179
tree 3912 2056 22 0 179
tree 872 2088 14 0 179
tree 920 2088 22 0 179
tree 1544 2104 4 0 179
tree 840 2120 22 0 179
tree 904 2136 4 0 179
trop 1060 2124 120 179 179
tree 3864 2136 19 0 179
tree 3928 2120 9 0 179
tree 888 2168 18 0 179
tree 904 2152 10 0 179
tree 1400 2168 25 0 179
tree 3800 2152 32 0 179
tree 728 2200 21 0 179
tree 888 2200 40 0 179
tree 872 2184 0 0 179
tree 1368 2200 40 0 179
tree 1400 2184 32 0 179
tree 3800 2184 26 0 179
tree 3880 2200 8 0 179
tree 920 2232 36 0 179
tree 952 2232 28 0 179
tree 1368 2232 15 0 179
tree 1352 2232 13 0 179
tree 3272 2232 19 0 179
tree 3336 2232 12 0 179
tree 3400 2216 39 0 179
tree 3736 2216 32 0 179
tree 3752 2216 19 0 179
tree 3880 2216 5 0 179
tree 904 2248 13 0 179
tree 920 2248 14 0 179
tree 936 2248 28 0 179
tree 936 2264 0 0 179
trop 1100 2244 120 179 179
tree 3256 2264 33 0 179
tree 3272 2248 27 0 179
tree 3288 2248 20 0 179
tree 3304 2248 37 0 179
tree 3832 2264 24 0 179
tree 3864 2264 13 0 179
tree 3848 2264 33 0 179
tree 3880 2248 34 0 179
tree 536 2296 19 0 179
tree 712 2296 38 0 179
trop 1108 2284 120 179 179
tree 3224 2296 24 0 179
tree 3240 2280 32 0 179
tree 3336 2280 40 0 179
tree 3368 2296 14 0 179
tree 552 2312 37 0 179
tree 600 2328 26 0 179
tree 648 2328 11 0 179
tree 696 2312 12 0 179
tree 696 2328 26 0 179
tree 680 2328 8 0 179
tree 680 2312 18 0 179
tree 936 2312 29 0 179
trop 1116 2316 120 179 179
tree 1752 2328 31 0 179
tree 3352 2312 25 0 179
tree 424 2344 27 0 179
trop 1116 2356 120 179 179
stand 1208 2344 166 0 179
tree 3144 2360 9 0 179
tree 3160 2360 17 0 179
tree 3144 2344 19 0 179
tree 3192 2344 8 0 179
tree 3416 2344 26 0 179
tree 3896 2344 13 0 179
tree 344 2392 30 0 179
tree 616 2376 40 0 179
tree 824 2376 33 0 179
tree 1000 2376 32 0 179
tree 3096 2376 37 0 179
tree 3256 2392 40 0 179
tree 3288 2392 35 0 179
tree 3336 2376 8 0 179
tree 3400 2376 21 0 179
tree 3448 2392 27 0 179
tree 3864 2392 16 0 179
tree 3896 2392 34 0 179
tree 152 2408 15 0 179
tree 152 2424 16 0 179
tree 168 2424 29 0 179
tree 200 2408 37 0 179
tree 232 2424 32 0 179
tree 568 2408 11 0 179
tree 968 2408 10 0 179
trop 1116 2404 120 179 179
tree 3112 2408 10 0 179
tree 3256 2408 17 0 179
tree 3288 2408 32 0 179
tree 3288 2424 21 0 179
tree 3416 2408 15 0 179
tree 3480 2424 4 0 179
tree 3864 2408 34 0 179
tree 3848 2424 35 0 179
tree 264 2440 25 0 179
tree 296 2440 14 0 179
tree 536 2440 15 0 179
tree 536 2456 8 0 179
tree 552 2440 33 0 179
tree 568 2440 40 0 179
tree 808 2456 22 0 179
tree 3192 2456 16 0 179
tree 3224 2440 18 0 179
tree 3400 2440 12 0 179
tree 3416 2440 27 0 179
tree 3896 2440 36 0 179
tree 536 2472 41 0 179
tree 568 2488 10 0 179
tree 1576 2488 26 0 179
tree 1592 2488 29 0 179
tree 1592 2472 31 0 179
tree 1624 2472 12 0 179
tree 3080 2488 23 0 179
tree 3240 2488 26 0 179
tree 3256 2488 17 0 179
tree 3448 2488 24 0 179
tree 3432 2488 40 0 179
tree 3848 2472 28 0 179
tree 3912 2472 23 0 179
cliff 16 2496 36 179 179
cliff 32 2512 52 179 179
cliff 64 2512 49 179 179
cliff 96 2512 49 179 179
cliff 128 2512 49 179 179
cliff 160 2512 49 179 179
cliff 192 2512 50 179 179
cliff 224 2512 51 179 179
cliff 256 2512 30 179 179
tree 584 2504 32 0 179
tree 680 2504 13 0 179
tree 904 2520 14 0 179
tree 1528 2504 11 0 179
tree 1528 2520 11 0 179
tree 2920 2504 9 0 179
tree 2936 2520 22 0 179
tree 3096 2504 21 0 179
tree 3208 2520 38 0 179
tree 3432 2520 19 0 179
tree 3480 2520 11 0 179
tree 3464 2520 20 0 179
cliff 272 2528 36 179 179
cliff 288 2544 29 179 179
tree 536 2552 34 0 179
tree 616 2552 38 0 179
tree 664 2536 12 0 179
tree 648 2536 28 0 179
tree 904 2536 33 0 179
tree 920 2552 16 0 179
tree 1448 2552 12 0 179
tree 1528 2552 7 0 179
tree 1544 2552 23 0 179
tree 2200 2552 16 0 179
tree 2280 2552 13 0 179
tree 3416 2536 41 0 179
tree 3400 2552 36 0 179
cliff 304 2560 34 179 179
cliff 320 2576 50 179 179
cliff 352 2576 32 179 179
tree 632 2568 23 0 179
tree 664 2568 9 0 179
tree 920 2584 17 0 179
trop 1116 2580 126 179 179
tree 2952 2568 19 0 179
tree 2984 2568 13 0 179
cliff 368 2592 34 179 179
cliff 384 2608 50 179 179
cliff 416 2608 29 179 179
tree 648 2616 37 0 179
tree 2952 2616 35 0 179
tree 3000 2616 6 0 179
tree 3928 2600 6 0 179
tree 3912 2616 16 0 179
cliff 432 2624 36 179 179
cliff 448 2640 49 179 179
cliff 480 2640 31 179 179
tree 632 2648 22 0 179
tree 168 2680 5 0 179
tree 296 2664 5 0 179
cliff 496 2656 35 179 179
cliff 512 2672 32 179 179
tree 632 2664 26 0 179
tree 2968 2680 5 0 179
tree 3032 2664 21 0 179
tree 3048 2680 15 0 179
cliff 512 2688 14 179 179
trop 1132 2708 99 179 179
tree 2904 2712 33 0 179
tree 2920 2696 24 0 179
tree 3000 2712 6 0 179
tree 3032 2696 12 0 179
tree 184 2728 4 0 179
cliff 528 2720 36 179 179
cliff 544 2736 29 179 179
tree 792 2744 41 0 179
tree 824 2744 7 0 179
tree 3928 2744 35 0 179
tree 3928 2728 11 0 179
tree 104 2776 5 0 179
tree 232 2776 9 0 179
tree 280 2776 4 0 179
cliff 560 2752 33 179 179
cliff 576 2768 32 179 179
tree 744 2776 29 0 179
tree 776 2760 32 0 179
tree 1240 2760 19 0 179
tree 1240 2776 29 0 179
tree 1224 2776 19 0 179
tree 1352 2760 4 0 179
tree 2232 2776 0 0 179
tree 3960 2776 26 0 179
tree 392 2808 4 0 179
cliff 576 2784 11 179 179
trop 1060 2804 96 179 179
trop 1084 2796 120 179 179
tree 1192 2808 8 0 179
tree 2520 2808 38 0 179
tree 2520 2792 17 0 179
tree 3416 2808 28 0 179
tree 3432 2808 29 0 179
tree 3464 2808 23 0 179
tree 3544 2792 9 0 179
tree 3528 2792 24 0 179
tree 3608 2808 24 0 179
tree 3624 2808 29 0 179
tree 200 2824 6 0 179
cliff 592 2816 34 179 179
cliff 608 2832 30 179 179
tree 3272 2824 8 0 179
tree 3512 2824 9 0 179
tree 3624 2840 38 0 179
tree 344 2856 6 0 179
cliff 624 2848 33 179 179
cliff 640 2864 32 179 179
tree 840 2856 38 0 179
tree 2968 2856 18 0 179
tree 3032 2856 29 0 179
tree 3016 2872 28 0 179
tree 232 2888 6 0 179
cliff 640 2880 11 179 179
tree 776 2904 31 0 179
tree 808 2888 34 0 179
tree 2504 2904 35 0 179
tree 2936 2888 27 0 179
tree 2920 2904 39 0 179
tree 2968 2904 0 0 179
tree 3592 2888 28 0 179
tree 3608 2888 29 0 179
tree 168 2936 4 0 179
cliff 640 2912 15 179 179
tree 776 2920 8 0 179
trop 1052 2916 120 179 179
trop 1036 2924 120 179 179
tree 2504 2936 33 0 179
tree 2952 2920 11 0 179
tree 3016 2936 25 0 179
tree 3384 2936 39 0 179
tree 3416 2936 9 0 179
tree 3432 2920 5 0 179
tree 3480 2920 11 0 179
tree 3576 2936 24 0 179
cliff 640 2944 13 179 179
trop 1060 2956 120 179 179
tree 2072 2968 14 0 179
tree 2488 2968 34 0 179
tree 2776 2968 37 0 179
tree 2904 2952 4 0 179
tree 3000 2952 19 0 179
tree 3016 2968 23 0 179
tree 3336 2952 31 0 179
tree 3352 2952 20 0 179
tree 3496 2952 0 0 179
tree 3608 2952 12 0 179
tree 3640 2952 29 0 179
tree 136 3000 5 0 179
tree 200 2984 9 0 179
cliff 640 2976 13 179 179
tree 952 3000 36 0 179
trop 1036 2980 120 179 179
trop 1060 3004 120 179 179
trop 1092 3004 94 179 179
tree 2040 3000 0 0 179
tree 2040 2984 0 0 179
tree 2152 2984 14 0 179
tree 2792 2984 29 0 179
tree 2888 3000 20 0 179
tree 3384 3000 40 0 179
tree 3480 3000 10 0 179
tree 3464 3000 31 0 179
cliff 656 3024 8 179 179
tree 904 3016 15 0 179
tree 952 3016 33 0 179
trop 1044 3028 120 179 179
tree 1192 3016 5 0 179
tree 1208 3016 11 0 179
tree 1752 3016 0 0 179
tree 2696 3032 38 0 179
tree 2888 3016 22 0 179
tree 3384 3016 40 0 179
tree 3400 3032 9 0 179
tree 3544 3032 19 0 179
tree 3560 3016 11 0 179
cliff 592 3056 15 179 179
cliff 624 3040 0 179 179
tree 888 3064 10 0 179
tree 888 3048 9 0 179
trop 1060 3052 120 179 179
tree 1272 3048 20 0 179
tree 1272 3064 0 0 179
tree 1736 3048 16 0 179
tree 2536 3064 24 0 179
tree 2680 3064 8 0 179
tree 3048 3048 29 0 179
tree 3080 3064 9 0 179
tree 3096 3048 32 0 179
tree 3544 3048 34 0 179
tree 3672 3048 15 0 179
tree 968 3080 37 0 179
trop 1044 3076 120 179 179
trop 1060 3092 120 179 179
tree 1240 3080 27 0 179
tree 1272 3080 13 0 179
tree 1704 3080 0 0 179
tree 2088 3080 16 0 179
tree 2456 3096 33 0 179
tree 2536 3096 25 0 179
tree 2584 3080 27 0 179
tree 3288 3096 8 0 179
tree 3448 3080 36 0 179
tree 3496 3080 26 0 179
tree 3544 3096 25 0 179
tree 104 3112 5 0 179
cliff 576 3120 4 179 179
cliff 608 3104 5 179 179
tree 744 3128 29 0 179
tree 952 3128 33 0 179
trop 1060 3108 107 179 179
tree 1176 3112 28 0 179
tree 1224 3128 23 0 179
tree 1272 3128 23 0 179
tree 1320 3112 15 0 179
tree 1640 3128 16 0 179
tree 2376 3112 14 0 179
tree 2408 3112 31 0 179
tree 2696 3112 31 0 179
tree 3080 3128 34 0 179
tree 3208 3128 9 0 179
tree 3304 3128 25 0 179
tree 3304 3112 27 0 179
tree 3592 3128 40 0 179
cliff 560 3152 5 179 179
tree 760 3160 15 0 179
tree 744 3160 41 0 179
tree 1192 3160 22 0 179
tree 1288 3144 0 0 179
tree 1304 3160 9 0 179
tree 1304 3144 12 0 179
tree 2344 3160 5 0 179
tree 2360 3160 20 0 179
tree 2728 3160 12 0 179
tree 2872 3144 16 0 179
tree 2856 3160 13 0 179
tree 2968 3144 11 0 179
tree 2984 3144 0 0 179
tree 3016 3160 13 0 179
tree 3048 3160 29 0 179
tree 3272 3144 26 0 179
tree 3288 3144 33 0 179
tree 3640 3160 8 0 179
tree 104 3176 6 0 179
cliff 528 3168 1 179 179
tree 728 3176 31 0 179
trop 1044 3180 120 179 179
trop 1060 3188 120 179 179
trop 1076 3188 120 179 179
tree 1208 3192 30 0 179
tree 1288 3176 13 0 179
tree 1624 3176 11 0 179
tree 2632 3192 10 0 179
tree 2744 3192 29 0 179
tree 2760 3192 39 0 179
tree 2792 3176 33 0 179
tree 2904 3176 15 0 179
tree 3624 3192 13 0 179
cliff 480 3216 4 179 179
cliff 512 3200 10 179 179
tree 680 3208 30 0 179
tree 680 3224 16 0 179
tree 776 3208 18 0 179
trop 1060 3228 96 179 179
tree 1208 3208 24 0 179
tree 1224 3208 14 0 179
tree 1256 3208 12 0 179
tree 1288 3224 5 0 179
tree 2120 3224 13 0 179
tree 2664 3224 34 0 179
tree 3608 3208 38 0 179
tree 3768 3224 0 0 179
tree 3784 3224 24 0 179
tree 120 3240 4 0 179
cliff 448 3232 13 179 179
tree 632 3256 17 0 179
tree 696 3240 25 0 179
tree 744 3240 37 0 179
tree 760 3256 15 0 179
tree 776 3256 8 0 179
tree 808 3240 0 0 179
tree 1224 3240 30 0 179
tree 2120 3240 0 0 179
tree 2648 3256 5 0 179
tree 2776 3240 22 0 179
tree 2760 3240 9 0 179
tree 2888 3240 35 0 179
cliff 448 3264 13 179 179
tree 696 3272 26 0 179
tree 728 3272 13 0 179
tree 1208 3288 25 0 179
tree 1208 3272 40 0 179
tree 1224 3272 8 0 179
tree 2840 3272 16 0 179
tree 2872 3272 5 0 179
tree 184 3320 9 0 179
cliff 416 3296 16 179 179
cliff 464 3312 5 179 179
tree 680 3320 20 0 179
tree 696 3304 37 0 179
tree 744 3320 28 0 179
tree 936 3320 37 0 179
tree 2648 3320 40 0 179
tree 2648 3304 17 0 179
tree 2696 3320 33 0 179
tree 3128 3320 9 0 179
tree 168 3352 4 0 179
cliff 368 3344 11 179 179
cliff 400 3328 4 179 179
tree 728 3336 20 0 179
tree 936 3336 22 0 179
tree 936 3352 25 0 179
trop 1060 3356 107 179 179
tree 2488 3336 26 0 179
tree 2712 3336 22 0 179
tree 2728 3352 13 0 179
tree 3032 3336 35 0 179
tree 3064 3336 16 0 179
tree 3128 3336 0 0 179
tree 3288 3336 13 0 179
tree 3336 3336 18 0 179
cliff 368 3376 14 179 179
tree 568 3384 20 0 179
tree 584 3384 9 0 179
tree 632 3384 8 0 179
tree 2392 3384 30 0 179
tree 2760 3384 19 0 179
tree 2968 3368 13 0 179
tree 2984 3384 21 0 179
tree 3080 3384 32 0 179
tree 3096 3384 6 0 179
tree 3256 3384 12 0 179
tree 3336 3384 26 0 179
tree 3384 3368 0 0 179
tree 3368 3368 23 0 179
tree 3400 3368 16 0 179
cliff 368 3408 15 179 179
tree 536 3400 15 0 179
tree 568 3400 29 0 179
tree 616 3400 39 0 179
tree 952 3400 7 0 179
trop 1076 3420 120 179 179
tree 1288 3416 25 0 179
tree 2472 3416 24 0 179
tree 2616 3416 10 0 179
tree 2712 3416 22 0 179
tree 2696 3416 38 0 179
tree 3064 3400 27 0 179
tree 3160 3416 26 0 179
tree 3272 3400 31 0 179
tree 3272 3416 0 0 179
tree 3416 3400 30 0 179
tree 3432 3400 4 0 179
tree 3528 3400 30 0 179
tree 3544 3400 28 0 179
tree 3576 3400 35 0 179
tree 3608 3400 0 0 179
tree 3592 3416 4 0 179
cliff 368 3440 13 179 179
tree 552 3448 24 0 179
tree 952 3448 35 0 179
trop 1068 3436 120 179 179
trop 1092 3444 120 179 179
trop 1108 3428 120 179 179
tree 1272 3448 11 0 179
tree 2456 3432 26 0 179
tree 2728 3432 25 0 179
tree 3016 3432 18 0 179
tree 3032 3432 25 0 179
tree 3048 3432 39 0 179
tree 3496 3432 33 0 179
tree 3544 3432 40 0 179
cliff 368 3472 11 179 179
tree 520 3464 11 0 179
tree 952 3464 32 0 179
trop 1068 3476 120 179 179
tree 1288 3464 27 0 179
tree 1352 3464 31 0 179
tree 1352 3480 19 0 179
tree 1384 3464 12 0 179
tree 2424 3464 18 0 179
tree 2584 3464 18 0 179
tree 3400 3480 11 0 179
tree 3464 3464 39 0 179
tree 3480 3480 39 0 179
tree 3736 3480 30 0 179
cliff 368 3504 15 179 179
trop 1076 3500 107 179 179
tree 1368 3496 34 0 179
tree 2360 3496 23 0 179
tree 2408 3496 41 0 179
tree 2584 3496 18 0 179
tree 2632 3496 15 0 179
tree 3560 3512 4 0 179
tree 3576 3512 8 0 179
cliff 368 3536 14 179 179
tree 712 3528 19 0 179
tree 776 3528 41 0 179
tree 792 3528 41 0 179
tree 808 3528 19 0 179
tree 2360 3544 13 0 179
tree 2936 3544 19 0 179
tree 3608 3528 11 0 179
cliff 368 3568 14 179 179
tree 696 3576 6 0 179
tree 712 3576 24 0 179
trop 1068 3580 120 179 179
trop 1084 3580 120 179 179
trop 1060 3580 120 179 179
tree 1336 3576 17 0 179
tree 1352 3576 7 0 179
tree 1464 3576 10 0 179
tree 1480 3576 18 0 179
tree 2328 3560 39 0 179
tree 2376 3576 30 0 179
tree 2616 3576 23 0 179
tree 2680 3576 26 0 179
tree 2696 3576 27 0 179
tree 2712 3576 6 0 179
tree 2808 3576 11 0 179
tree 2808 3560 41 0 179
tree 3720 3560 19 0 179
tree 168 3608 4 0 179
cliff 368 3600 13 179 179
tree 696 3592 20 0 179
tree 712 3592 31 0 179
tree 888 3592 29 0 179
trop 1076 3596 96 179 179
tree 1416 3592 8 0 179
tree 1448 3592 20 0 179
tree 1464 3592 24 0 179
tree 1448 3608 20 0 179
tree 1512 3608 6 0 179
tree 2648 3608 10 0 179
tree 2744 3608 12 0 179
tree 2792 3592 40 0 179
cliff 368 3632 11 179 179
tree 776 3624 34 0 179
tree 840 3624 40 0 179
tree 856 3640 15 0 179
tree 920 3624 26 0 179
tree 936 3640 10 0 179
trop 1076 3620 120 179 179
trop 1068 3620 120 179 179
tree 1448 3624 41 0 179
tree 1464 3624 5 0 179
tree 1720 3624 0 0 179
tree 2472 3640 15 0 179
tree 2648 3640 15 0 179
tree 2744 3624 29 0 179
tree 2744 3640 12 0 179
tree 2760 3640 6 0 179
tree 3032 3624 34 0 179
tree 3032 3640 17 0 179
tree 3048 3624 4 0 179
tree 3880 3624 27 0 179
cliff 384 3664 34 179 179
tree 792 3656 22 0 179
tree 872 3672 34 0 179
tree 952 3672 28 0 179
tree 968 3672 7 0 179
trop 1076 3660 120 179 179
tree 2632 3672 11 0 179
tree 2632 3656 40 0 179
tree 2712 3656 29 0 179
tree 2696 3672 10 0 179
tree 2968 3672 30 0 179
tree 3048 3656 20 0 179
tree 3208 3656 8 0 179
tree 216 3688 6 0 179
cliff 400 3680 29 179 179
cliff 416 3696 33 179 179
tree 840 3688 5 0 179
tree 856 3688 30 0 179
trop 1076 3708 107 179 179
tree 2936 3704 24 0 179
tree 3896 3704 8 0 179
tree 3896 3688 19 0 179
cliff 432 3712 32 179 179
cliff 448 3728 33 179 179
tree 1288 3720 14 0 179
tree 1288 3736 4 0 179
tree 1864 3736 0 0 179
tree 2600 3720 20 0 179
tree 2600 3736 34 0 179
tree 2616 3720 20 0 179
tree 2616 3736 4 0 179
tree 2632 3736 32 0 179
tree 2776 3736 5 0 179
tree 2936 3720 38 0 179
tree 2984 3720 31 0 179
tree 3112 3720 15 0 179
tree 3144 3736 40 0 179
cliff 464 3760 12 179 179
cliff 464 3744 29 179 179
tree 664 3768 35 0 179
trop 1076 3756 107 179 179
tree 1272 3752 21 0 179
tree 2632 3752 24 0 179
tree 3032 3768 23 0 179
tree 3048 3768 33 0 179
tree 3160 3752 7 0 179
tree 3176 3768 30 0 179
tree 88 3784 6 0 179
tree 232 3800 6 0 179
cliff 480 3792 33 179 179
tree 680 3784 26 0 179
tree 1256 3800 15 0 179
tree 1384 3784 6 0 179
tree 2424 3800 22 0 179
tree 2408 3800 31 0 179
tree 3112 3800 6 0 179
tree 3128 3800 14 0 179
tree 3192 3784 6 0 179
tree 3224 3800 16 0 179
tree 3272 3784 27 0 179
tree 3288 3784 16 0 179
tree 3304 3784 24 0 179
tree 3304 3800 26 0 179
tree 3416 3800 9 0 179
tree 136 3816 5 0 179
tree 184 3832 9 0 179
tree 184 3816 9 0 179
cliff 496 3824 11 179 179
cliff 496 3808 28 179 179
tree 952 3816 20 0 179
tree 952 3832 41 0 179
trop 1100 3820 73 179 179
tree 1304 3832 33 0 179
tree 1288 3832 34 0 179
tree 1320 3832 30 0 179
tree 1352 3816 17 0 179
tree 1704 3816 0 0 179
tree 1800 3832 11 0 179
tree 2344 3832 4 0 179
tree 2616 3816 14 0 179
tree 2632 3816 13 0 179
tree 3128 3816 24 0 179
tree 3320 3816 36 0 179
tree 3416 3816 25 0 179
tree 3432 3816 30 0 179
tree 3528 3832 14 0 179
cliff 512 3856 35 179 179
tree 632 3864 28 0 179
tree 648 3848 37 0 179
tree 760 3848 6 0 179
tree 952 3848 12 0 179
tree 952 3864 21 0 179
tree 968 3864 0 0 179
tree 1288 3864 14 0 179
tree 1352 3864 15 0 179
tree 2344 3848 35 0 179
tree 2488 3864 25 0 179
tree 3256 3864 34 0 179
tree 3336 3864 37 0 179
tree 296 3896 9 0 179
cliff 528 3888 11 179 179
cliff 528 3872 32 179 179
tree 632 3880 23 0 179
tree 648 3880 15 0 179
tree 728 3896 17 0 179
tree 968 3896 10 0 179
tree 2856 3880 40 0 179
tree 2856 3896 27 0 179
tree 3320 3880 16 0 179
tree 3320 3896 22 0 179
tree 3336 3896 27 0 179
tree 3576 3896 28 0 179
tree 3592 3896 15 0 179
tree 216 3912 4 0 179
tree 232 3928 4 0 179
cliff 528 3920 11 179 179
tree 696 3928 31 0 179
tree 712 3928 24 0 179
tree 952 3912 24 0 179
tree 952 3928 20 0 179
tree 2504 3912 35 0 179
tree 2872 3912 11 0 179
tree 2968 3928 40 0 179
tree 2984 3928 10 0 179
tree 3000 3928 17 0 179
cliff 528 3952 13 179 179
cliff 528 3984 12 179 179
trop 1076 3972 96 179 179
trop 1092 3988 96 179 179
