dom 3520 352 602 0 179
zabor 592 560 24 0 8
zabor 624 560 31 0 8
zabor 656 560 28 0 8
zabor 688 560 28 0 8
zabor 720 560 30 0 8
zabor 752 560 27 0 8
zabor 784 560 25 0 8
zabor 816 560 30 0 8
zabor 848 560 31 0 8
zabor 880 560 25 0 8
zabor 912 560 25 0 8
zabor 944 560 28 0 8
zabor 976 560 26 0 8
zabor 1008 560 26 0 8
zabor 1040 560 30 0 8
zabor 1072 560 31 0 8
zabor 1104 560 30 0 8
zabor 1136 560 24 0 8
zabor 1168 560 25 0 8
zabor 1200 560 25 0 8
zabor 592 592 30 0 8
zabor 1200 592 27 0 8
dom 3392 576 595 0 179
zabor 592 624 30 0 8
zabor 1200 624 24 0 8
dom 3584 608 40 0 179
zabor 592 656 31 0 8
zabor 688 656 66 1 8
zabor 720 656 66 1 8
zabor 752 656 66 1 8
zabor 784 656 64 1 8
zabor 816 656 66 1 8
zabor 848 656 65 1 8
zabor 880 656 65 1 8
zabor 912 656 66 1 8
zabor 944 656 64 1 8
zabor 976 656 66 1 8
zabor 1008 656 66 1 8
zabor 1040 656 65 1 8
zabor 1072 656 66 1 8
zabor 1104 656 66 1 8
zabor 1200 656 27 0 8
zabor 592 688 28 0 8
zabor 688 688 64 1 8
zabor 1104 688 64 1 8
zabor 1200 688 30 0 8
zabor 592 720 30 0 8
zabor 688 720 64 1 8
zabor 1104 720 66 1 8
zabor 1200 720 26 0 8
zabor 592 752 27 0 8
zabor 688 752 65 1 8
zabor 784 752 64 1 8
zabor 816 752 64 1 8
zabor 848 752 64 1 8
zabor 880 752 64 1 8
zabor 912 752 65 1 8
zabor 944 752 64 1 8
zabor 976 752 65 1 8
zabor 1008 752 64 1 8
zabor 1104 752 65 1 8
zabor 1200 752 30 0 8
zabor 592 784 29 0 8
zabor 688 784 65 1 8
zabor 784 784 64 1 8
zabor 1008 784 65 1 8
zabor 1104 784 65 1 8
zabor 1200 784 27 0 8
dom 3392 768 600 0 179
zabor 592 816 31 0 8
zabor 688 816 65 1 8
zabor 784 816 65 1 8
stand 840 824 8 0 179
zabor 1008 816 64 1 8
zabor 1104 816 66 1 8
zabor 1200 816 26 0 8
zabor 592 848 29 0 8
zabor 688 848 65 1 8
zabor 784 848 66 1 8
zabor 1008 848 66 1 8
zabor 1104 848 64 1 8
zabor 1200 848 28 0 8
zabor 592 880 30 0 8
zabor 688 880 64 1 8
zabor 784 880 66 1 8
dom 960 864 12 0 179
zabor 1008 880 66 1 8
zabor 1104 880 66 1 8
zabor 1200 880 27 0 8
zabor 592 912 24 0 8
zabor 688 912 66 1 8
zabor 784 912 64 1 8
zabor 1008 912 66 1 8
zabor 1104 912 64 1 8
zabor 1200 912 29 0 8
zabor 592 944 24 0 8
zabor 688 944 66 1 8
zabor 784 944 64 1 8
zabor 1008 944 65 1 8
zabor 1104 944 64 1 8
zabor 1200 944 26 0 8
zabor 592 976 30 0 8
zabor 688 976 64 1 8
zabor 784 976 65 1 8
tree 840 984 76 0 179
zabor 1008 976 64 1 8
zabor 1104 976 65 1 8
zabor 1200 976 30 0 8
zabor 592 1008 26 0 8
zabor 688 1008 66 1 8
zabor 784 1008 64 1 8
zabor 1008 1008 64 1 8
zabor 1104 1008 65 1 8
zabor 1200 1008 25 0 8
zabor 592 1040 24 0 8
zabor 688 1040 66 1 8
zabor 784 1040 64 1 8
zabor 816 1040 64 1 8
zabor 848 1040 64 1 8
zabor 880 1040 66 1 8
zabor 912 1040 66 1 8
zabor 944 1040 65 1 8
zabor 976 1040 66 1 8
zabor 1008 1040 64 1 8
zabor 1104 1040 65 1 8
zabor 1200 1040 26 0 8
zabor 592 1072 30 0 8
zabor 688 1072 65 1 8
zabor 1104 1072 65 1 8
zabor 1200 1072 27 0 8
zabor 592 1104 28 0 8
zabor 688 1104 65 1 8
zabor 1104 1104 66 1 8
zabor 1200 1104 26 0 8
zabor 592 1136 30 0 8
zabor 688 1136 64 1 8
zabor 720 1136 64 1 8
zabor 752 1136 66 1 8
zabor 784 1136 66 1 8
zabor 816 1136 66 1 8
zabor 848 1136 65 1 8
zabor 880 1136 66 1 8
zabor 912 1136 65 1 8
zabor 944 1136 65 1 8
zabor 976 1136 64 1 8
zabor 1008 1136 66 1 8
zabor 1040 1136 64 1 8
zabor 1072 1136 65 1 8
zabor 1104 1136 66 1 8
zabor 1200 1136 31 0 8
zabor 592 1168 25 0 8
zabor 1200 1168 28 0 8
zabor 592 1200 25 0 8
zabor 1200 1200 31 0 8
zabor 592 1232 29 0 8
zabor 624 1232 29 0 8
zabor 656 1232 30 0 8
zabor 688 1232 31 0 8
zabor 720 1232 27 0 8
zabor 752 1232 30 0 8
zabor 784 1232 30 0 8
zabor 816 1232 30 0 8
zabor 848 1232 28 0 8
zabor 880 1232 30 0 8
zabor 912 1232 25 0 8
zabor 944 1232 29 0 8
zabor 976 1232 29 0 8
zabor 1008 1232 25 0 8
zabor 1040 1232 27 0 8
zabor 1072 1232 24 0 8
zabor 1104 1232 27 0 8
zabor 1136 1232 25 0 8
zabor 1168 1232 24 0 8
zabor 1200 1232 30 0 8
stand 3416 3224 85 0 179
stand 3432 3224 78 0 179
stand 3416 3240 105 0 179
stand 3416 3256 105 0 179
stand 3416 3272 105 0 179
stand 3416 3288 105 0 179
stand 3416 3304 105 0 179
stand 3416 3320 105 0 179
stand 3416 3336 105 0 179
stand 3416 3352 105 0 179
dom 3584 3328 40 0 179
stand 3416 3368 105 0 179
stand 3416 3384 105 0 179
stand 3416 3400 105 0 179
stand 3416 3416 105 0 179
stand 3416 3432 105 0 179
stand 3416 3448 105 0 179
stand 3416 3464 83 0 179
stand 3432 3464 87 0 179
