dom 3232 1120 88 0 179
dom 3072 1184 254 0 179
dom 3488 1184 56 0 179
dom 2496 1248 87 0 179
dom 2816 1248 311 0 179
dom 3520 1408 271 0 179
dom 3008 1440 195 0 179
dom 3328 1440 163 0 179
dom 2816 1472 171 0 179
dom 2560 1504 195 0 179
tree 568 1576 28 0 179
tree 552 1592 117 0 179
tree 600 1576 5 0 179
tree 584 1576 70 0 179
tree 632 1592 125 0 179
tree 616 1592 36 0 179
tree 616 1576 44 0 179
tree 648 1592 56 0 179
tree 552 1608 2 0 179
tree 552 1624 97 0 179
tree 664 1608 86 0 179
tree 680 1624 58 0 179
dom 1088 1600 295 0 179
dom 1888 1600 296 0 179
tree 552 1640 9 0 179
tree 552 1656 1 0 179
tree 696 1656 95 0 179
tree 696 1640 22 0 179
dom 1248 1632 254 0 179
dom 1408 1632 293 0 179
dom 3616 1632 162 0 179
tree 488 1688 60 0 179
tree 536 1672 123 0 179
tree 536 1688 41 0 179
tree 712 1688 81 0 179
tree 712 1672 73 0 179
dom 1760 1664 680 0 179
dom 2304 1664 298 0 179
dom 2560 1664 70 0 179
dom 2688 1664 269 0 179
dom 3456 1664 179 0 179
tree 488 1720 68 0 179
tree 488 1704 82 0 179
tree 504 1704 94 0 179
tree 536 1704 124 0 179
tree 536 1720 14 0 179
tree 520 1704 68 0 179
tree 552 1720 66 0 179
tree 568 1720 22 0 179
tree 584 1720 91 0 179
tree 584 1704 54 0 179
tree 600 1704 12 0 179
tree 616 1704 31 0 179
tree 632 1720 29 0 179
tree 648 1720 119 0 179
tree 728 1720 52 0 179
tree 728 1704 90 0 179
tree 744 1720 5 0 179
dom 2144 1696 179 0 179
dom 3264 1696 197 0 179
tree 504 1752 122 0 179
tree 504 1736 112 0 179
tree 488 1736 19 0 179
tree 536 1736 48 0 179
tree 520 1752 5 0 179
tree 568 1736 92 0 179
tree 648 1736 21 0 179
tree 664 1736 6 0 179
tree 664 1752 48 0 179
tree 744 1752 50 0 179
tree 744 1736 97 0 179
dom 3008 1728 136 0 179
tree 680 1768 59 0 179
tree 680 1784 111 0 179
tree 760 1784 52 0 179
tree 760 1768 67 0 179
tree 744 1768 12 0 179
tree 920 1768 32 0 179
tree 936 1784 73 0 179
tree 936 1768 117 0 179
trop 1204 1772 128 179 179
trop 1388 1772 174 179 179
tree 440 1816 44 0 179
tree 456 1816 117 0 179
tree 456 1800 94 0 179
tree 680 1800 16 0 179
tree 680 1816 88 0 179
tree 744 1816 94 0 179
tree 744 1800 8 0 179
tree 760 1800 115 0 179
tree 840 1816 56 0 179
tree 936 1816 54 0 179
tree 936 1800 59 0 179
dom 1952 1792 78 0 179
dom 2880 1792 46 0 179
tree 440 1848 127 0 179
tree 440 1832 74 0 179
tree 680 1832 122 0 179
tree 680 1848 82 0 179
tree 744 1848 92 0 179
tree 744 1832 95 0 179
tree 824 1832 19 0 179
tree 824 1848 56 0 179
tree 840 1832 85 0 179
tree 840 1848 54 0 179
tree 936 1848 89 0 179
tree 936 1832 61 0 179
tree 952 1832 63 0 179
trop 1108 1836 79 179 179
trop 1292 1836 140 179 179
tree 440 1880 50 0 179
tree 440 1864 13 0 179
tree 664 1864 84 0 179
tree 664 1880 66 0 179
tree 744 1880 10 0 179
tree 744 1864 15 0 179
tree 840 1864 29 0 179
tree 840 1880 45 0 179
tree 936 1880 36 0 179
tree 936 1864 88 0 179
dom 3424 1856 234 0 179
tree 472 1912 10 0 179
tree 456 1896 20 0 179
tree 648 1896 14 0 179
tree 648 1912 99 0 179
tree 760 1912 89 0 179
tree 744 1912 103 0 179
tree 744 1896 125 0 179
tree 840 1896 44 0 179
tree 840 1912 125 0 179
tree 936 1912 41 0 179
tree 936 1896 117 0 179
tree 504 1944 120 0 179
tree 488 1928 38 0 179
tree 648 1928 87 0 179
tree 648 1944 5 0 179
tree 760 1944 12 0 179
tree 760 1928 46 0 179
tree 776 1944 21 0 179
tree 840 1928 39 0 179
tree 840 1944 1 0 179
tree 936 1928 102 0 179
dom 1408 1920 290 0 179
dom 1728 1920 171 0 179
dom 2240 1920 153 0 179
tree 536 1960 92 0 179
tree 520 1960 3 0 179
tree 568 1976 68 0 179
tree 552 1976 2 0 179
tree 648 1960 22 0 179
tree 648 1976 16 0 179
tree 792 1976 117 0 179
tree 792 1960 70 0 179
tree 808 1976 89 0 179
tree 840 1960 79 0 179
tree 840 1976 5 0 179
dom 1600 1952 56 0 179
tree 568 1992 65 0 179
tree 600 2008 125 0 179
tree 584 1992 89 0 179
tree 632 1992 53 0 179
tree 632 2008 2 0 179
tree 616 2008 82 0 179
tree 648 1992 19 0 179
tree 824 1992 94 0 179
tree 840 1992 99 0 179
tree 840 2008 56 0 179
dom 2656 1984 235 0 179
dom 2464 2016 60 0 179
dom 2912 2016 280 0 179
tree 440 2056 1 0 179
tree 456 2072 12 0 179
tree 824 2072 99 0 179
tree 840 2072 34 0 179
tree 840 2056 28 0 179
tree 472 2104 123 0 179
tree 472 2088 41 0 179
tree 760 2104 26 0 179
tree 776 2104 7 0 179
tree 792 2104 51 0 179
tree 792 2088 28 0 179
tree 808 2088 79 0 179
dom 3136 2080 185 0 179
tree 472 2120 53 0 179
tree 504 2136 77 0 179
tree 488 2136 30 0 179
tree 488 2120 50 0 179
tree 696 2136 19 0 179
tree 712 2136 125 0 179
tree 728 2136 29 0 179
tree 728 2120 73 0 179
tree 744 2120 34 0 179
tree 504 2152 31 0 179
tree 536 2168 76 0 179
tree 520 2168 30 0 179
tree 680 2152 11 0 179
tree 696 2152 114 0 179
dom 2816 2144 148 0 179
tree 536 2184 115 0 179
tree 568 2200 77 0 179
tree 552 2200 27 0 179
tree 552 2184 24 0 179
tree 584 2200 67 0 179
dom 2624 2240 660 0 179
dom 2848 2304 72 0 179
